3.401000000000000000e+03
9.552000000000000000e+03
2.460000000000000000e+02
9.724000000000000000e+03
7.913000000000000000e+03
8.558000000000000000e+03
3.540000000000000000e+03
4.650000000000000000e+03
6.752000000000000000e+03
9.948000000000000000e+03
9.223000000000000000e+03
6.309000000000000000e+03
3.358000000000000000e+03
3.270000000000000000e+02
1.297000000000000000e+03
5.838000000000000000e+03
8.016000000000000000e+03
1.650000000000000000e+03
4.462000000000000000e+03
5.108000000000000000e+03
6.798000000000000000e+03
6.835000000000000000e+03
1.379000000000000000e+03
8.752000000000000000e+03
2.326000000000000000e+03
3.043000000000000000e+03
9.757000000000000000e+03
8.738000000000000000e+03
1.047000000000000000e+03
3.800000000000000000e+02
6.937000000000000000e+03
2.479000000000000000e+03
1.762000000000000000e+03
8.260000000000000000e+03
5.718000000000000000e+03
9.951000000000000000e+03
9.162000000000000000e+03
9.809000000000000000e+03
9.810000000000000000e+02
3.774000000000000000e+03
5.942000000000000000e+03
8.468000000000000000e+03
8.458000000000000000e+03
4.554000000000000000e+03
9.037000000000000000e+03
6.900000000000000000e+01
3.608000000000000000e+03
6.250000000000000000e+03
5.008000000000000000e+03
7.933000000000000000e+03
4.776000000000000000e+03
8.127000000000000000e+03
8.748000000000000000e+03
7.440000000000000000e+03
3.536000000000000000e+03
7.203000000000000000e+03
6.470000000000000000e+03
2.894000000000000000e+03
6.672000000000000000e+03
4.070000000000000000e+02
1.176000000000000000e+03
6.968000000000000000e+03
1.416000000000000000e+03
2.960000000000000000e+02
5.405000000000000000e+03
1.300000000000000000e+01
5.147000000000000000e+03
3.989000000000000000e+03
4.320000000000000000e+03
9.897000000000000000e+03
2.747000000000000000e+03
6.959000000000000000e+03
6.003000000000000000e+03
1.944000000000000000e+03
2.295000000000000000e+03
5.241000000000000000e+03
6.099000000000000000e+03
8.388000000000000000e+03
5.584000000000000000e+03
4.079000000000000000e+03
9.264000000000000000e+03
6.286000000000000000e+03
5.870000000000000000e+03
6.201000000000000000e+03
4.241000000000000000e+03
5.974000000000000000e+03
7.367000000000000000e+03
3.764000000000000000e+03
4.447000000000000000e+03
3.120000000000000000e+02
9.060000000000000000e+03
7.084000000000000000e+03
1.700000000000000000e+03
5.737000000000000000e+03
1.084000000000000000e+03
3.210000000000000000e+03
4.048000000000000000e+03
4.999000000000000000e+03
2.023000000000000000e+03
7.452000000000000000e+03
4.643000000000000000e+03
2.421000000000000000e+03
9.443000000000000000e+03
2.885000000000000000e+03
3.990000000000000000e+03
7.019000000000000000e+03
9.000000000000000000e+02
7.323000000000000000e+03
3.132000000000000000e+03
9.438000000000000000e+03
5.998000000000000000e+03
9.499000000000000000e+03
5.738000000000000000e+03
1.680000000000000000e+02
4.687000000000000000e+03
3.641000000000000000e+03
7.856000000000000000e+03
4.858000000000000000e+03
7.000000000000000000e+03
9.485000000000000000e+03
2.878000000000000000e+03
4.201000000000000000e+03
9.003000000000000000e+03
8.166000000000000000e+03
3.099000000000000000e+03
5.840000000000000000e+02
2.734000000000000000e+03
2.676000000000000000e+03
9.444000000000000000e+03
2.355000000000000000e+03
1.780000000000000000e+02
6.278000000000000000e+03
9.770000000000000000e+02
5.524000000000000000e+03
8.240000000000000000e+02
5.783000000000000000e+03
5.271000000000000000e+03
3.586000000000000000e+03
6.456000000000000000e+03
3.689000000000000000e+03
8.682000000000000000e+03
7.830000000000000000e+02
3.268000000000000000e+03
2.880000000000000000e+03
6.115000000000000000e+03
2.815000000000000000e+03
6.556000000000000000e+03
9.435000000000000000e+03
5.370000000000000000e+03
3.124000000000000000e+03
9.200000000000000000e+02
2.175000000000000000e+03
4.717000000000000000e+03
9.630000000000000000e+02
4.170000000000000000e+03
1.257000000000000000e+03
3.281000000000000000e+03
4.147000000000000000e+03
2.315000000000000000e+03
6.060000000000000000e+03
8.443000000000000000e+03
9.593000000000000000e+03
1.540000000000000000e+02
1.555000000000000000e+03
1.868000000000000000e+03
9.039000000000000000e+03
6.960000000000000000e+02
2.316000000000000000e+03
6.618000000000000000e+03
4.168000000000000000e+03
9.395000000000000000e+03
6.073000000000000000e+03
7.600000000000000000e+03
1.350000000000000000e+02
7.014000000000000000e+03
6.950000000000000000e+02
1.189000000000000000e+03
5.092000000000000000e+03
6.276000000000000000e+03
2.266000000000000000e+03
4.292000000000000000e+03
9.005000000000000000e+03
4.491000000000000000e+03
6.758000000000000000e+03
6.527000000000000000e+03
8.636000000000000000e+03
7.784000000000000000e+03
7.507000000000000000e+03
7.670000000000000000e+02
8.559000000000000000e+03
1.934000000000000000e+03
8.509000000000000000e+03
9.155000000000000000e+03
2.040000000000000000e+02
8.260000000000000000e+02
6.438000000000000000e+03
6.407000000000000000e+03
4.563000000000000000e+03
5.590000000000000000e+03
2.974000000000000000e+03
1.459000000000000000e+03
9.613000000000000000e+03
8.238000000000000000e+03
9.389000000000000000e+03
1.402000000000000000e+03
3.773000000000000000e+03
3.258000000000000000e+03
4.962000000000000000e+03
6.989000000000000000e+03
2.138000000000000000e+03
5.045000000000000000e+03
5.515000000000000000e+03
8.160000000000000000e+02
6.036000000000000000e+03
5.089000000000000000e+03
8.820000000000000000e+03
6.111000000000000000e+03
4.709000000000000000e+03
5.217000000000000000e+03
9.696000000000000000e+03
5.160000000000000000e+02
2.481000000000000000e+03
4.456000000000000000e+03
1.656000000000000000e+03
8.482000000000000000e+03
9.779000000000000000e+03
6.052000000000000000e+03
2.098000000000000000e+03
8.310000000000000000e+03
9.050000000000000000e+02
7.457000000000000000e+03
4.176000000000000000e+03
4.805000000000000000e+03
8.230000000000000000e+02
4.939000000000000000e+03
3.817000000000000000e+03
5.192000000000000000e+03
5.879000000000000000e+03
2.374000000000000000e+03
3.566000000000000000e+03
2.861000000000000000e+03
3.260000000000000000e+03
5.390000000000000000e+03
2.391000000000000000e+03
4.594000000000000000e+03
8.612000000000000000e+03
7.328000000000000000e+03
3.210000000000000000e+02
1.237000000000000000e+03
9.700000000000000000e+03
6.810000000000000000e+03
7.492000000000000000e+03
5.095000000000000000e+03
4.950000000000000000e+03
7.483000000000000000e+03
8.492000000000000000e+03
6.431000000000000000e+03
6.534000000000000000e+03
9.603000000000000000e+03
1.065000000000000000e+03
9.259000000000000000e+03
3.128000000000000000e+03
6.106000000000000000e+03
5.557000000000000000e+03
2.729000000000000000e+03
7.572000000000000000e+03
4.161000000000000000e+03
6.225000000000000000e+03
9.318000000000000000e+03
3.257000000000000000e+03
9.260000000000000000e+02
7.386000000000000000e+03
9.487000000000000000e+03
3.960000000000000000e+02
8.830000000000000000e+03
4.848000000000000000e+03
2.186000000000000000e+03
2.664000000000000000e+03
9.225000000000000000e+03
2.220000000000000000e+02
4.723000000000000000e+03
7.945000000000000000e+03
9.309000000000000000e+03
8.353000000000000000e+03
7.200000000000000000e+01
2.780000000000000000e+03
5.605000000000000000e+03
4.167000000000000000e+03
2.250000000000000000e+02
7.716000000000000000e+03
5.475000000000000000e+03
6.281000000000000000e+03
6.469000000000000000e+03
9.359000000000000000e+03
1.076000000000000000e+03
1.965000000000000000e+03
6.279000000000000000e+03
2.101000000000000000e+03
5.266000000000000000e+03
1.016000000000000000e+03
4.894000000000000000e+03
2.347000000000000000e+03
3.015000000000000000e+03
7.282000000000000000e+03
4.366000000000000000e+03
1.828000000000000000e+03
1.615000000000000000e+03
1.730000000000000000e+02
3.975000000000000000e+03
5.912000000000000000e+03
3.620000000000000000e+03
9.192000000000000000e+03
2.408000000000000000e+03
6.370000000000000000e+02
2.955000000000000000e+03
4.925000000000000000e+03
1.765000000000000000e+03
2.280000000000000000e+03
5.150000000000000000e+02
7.170000000000000000e+03
9.511000000000000000e+03
8.393000000000000000e+03
4.613000000000000000e+03
6.957000000000000000e+03
6.440000000000000000e+03
5.225000000000000000e+03
5.309000000000000000e+03
5.538000000000000000e+03
3.810000000000000000e+02
7.401000000000000000e+03
7.730000000000000000e+03
7.248000000000000000e+03
6.681000000000000000e+03
9.120000000000000000e+02
9.828000000000000000e+03
4.836000000000000000e+03
4.510000000000000000e+02
9.440000000000000000e+02
5.878000000000000000e+03
2.906000000000000000e+03
2.288000000000000000e+03
6.151000000000000000e+03
8.766000000000000000e+03
9.007000000000000000e+03
4.222000000000000000e+03
7.040000000000000000e+03
7.920000000000000000e+02
1.128000000000000000e+03
3.642000000000000000e+03
8.296000000000000000e+03
7.983000000000000000e+03
7.131000000000000000e+03
5.892000000000000000e+03
2.450000000000000000e+02
8.972000000000000000e+03
8.010000000000000000e+03
5.446000000000000000e+03
5.925000000000000000e+03
9.106000000000000000e+03
3.475000000000000000e+03
3.049000000000000000e+03
9.548000000000000000e+03
9.910000000000000000e+02
1.588000000000000000e+03
1.837000000000000000e+03
6.704000000000000000e+03
3.739000000000000000e+03
4.586000000000000000e+03
3.579000000000000000e+03
9.561000000000000000e+03
6.664000000000000000e+03
6.213000000000000000e+03
3.000000000000000000e+01
5.336000000000000000e+03
7.551000000000000000e+03
4.234000000000000000e+03
7.214000000000000000e+03
5.356000000000000000e+03
2.300000000000000000e+03
6.593000000000000000e+03
8.570000000000000000e+03
9.305000000000000000e+03
2.305000000000000000e+03
9.022000000000000000e+03
8.952000000000000000e+03
8.014000000000000000e+03
5.067000000000000000e+03
9.882000000000000000e+03
2.927000000000000000e+03
7.207000000000000000e+03
9.468000000000000000e+03
7.458000000000000000e+03
2.128000000000000000e+03
5.973000000000000000e+03
3.110000000000000000e+03
9.975000000000000000e+03
3.407000000000000000e+03
6.570000000000000000e+02
9.787000000000000000e+03
3.456000000000000000e+03
6.737000000000000000e+03
4.900000000000000000e+01
2.400000000000000000e+01
2.012000000000000000e+03
5.348000000000000000e+03
9.565000000000000000e+03
2.804000000000000000e+03
2.613000000000000000e+03
5.047000000000000000e+03
4.738000000000000000e+03
1.529000000000000000e+03
6.997000000000000000e+03
1.157000000000000000e+03
7.653000000000000000e+03
1.279000000000000000e+03
3.080000000000000000e+02
7.600000000000000000e+02
6.475000000000000000e+03
8.529000000000000000e+03
6.195000000000000000e+03
1.147000000000000000e+03
1.816000000000000000e+03
7.273000000000000000e+03
6.700000000000000000e+03
6.647000000000000000e+03
8.369000000000000000e+03
5.355000000000000000e+03
1.978000000000000000e+03
5.330000000000000000e+02
9.728000000000000000e+03
4.012000000000000000e+03
7.429000000000000000e+03
9.835000000000000000e+03
3.497000000000000000e+03
7.972000000000000000e+03
2.022000000000000000e+03
8.472000000000000000e+03
6.019000000000000000e+03
1.599000000000000000e+03
8.392000000000000000e+03
7.206000000000000000e+03
7.760000000000000000e+02
4.421000000000000000e+03
3.793000000000000000e+03
7.833000000000000000e+03
4.813000000000000000e+03
9.502000000000000000e+03
2.084000000000000000e+03
7.413000000000000000e+03
3.621000000000000000e+03
3.234000000000000000e+03
6.970000000000000000e+02
7.391000000000000000e+03
2.223000000000000000e+03
3.066000000000000000e+03
5.842000000000000000e+03
7.740000000000000000e+02
8.269000000000000000e+03
9.783000000000000000e+03
9.947000000000000000e+03
4.906000000000000000e+03
6.999000000000000000e+03
7.704000000000000000e+03
2.319000000000000000e+03
1.158000000000000000e+03
8.898000000000000000e+03
5.362000000000000000e+03
1.301000000000000000e+03
6.367000000000000000e+03
1.043000000000000000e+03
6.271000000000000000e+03
8.775000000000000000e+03
5.419000000000000000e+03
1.160000000000000000e+02
8.276000000000000000e+03
5.063000000000000000e+03
5.956000000000000000e+03
4.998000000000000000e+03
6.175000000000000000e+03
5.104000000000000000e+03
5.476000000000000000e+03
9.020000000000000000e+02
2.708000000000000000e+03
4.414000000000000000e+03
4.893000000000000000e+03
4.269000000000000000e+03
8.500000000000000000e+03
4.379000000000000000e+03
2.373000000000000000e+03
8.107000000000000000e+03
4.200000000000000000e+01
1.571000000000000000e+03
5.923000000000000000e+03
9.738000000000000000e+03
3.828000000000000000e+03
9.232000000000000000e+03
9.333000000000000000e+03
6.582000000000000000e+03
6.802000000000000000e+03
3.410000000000000000e+03
7.036000000000000000e+03
9.982000000000000000e+03
1.252000000000000000e+03
2.180000000000000000e+03
4.031000000000000000e+03
1.285000000000000000e+03
5.275000000000000000e+03
1.406000000000000000e+03
8.656000000000000000e+03
6.620000000000000000e+03
9.907000000000000000e+03
4.722000000000000000e+03
8.982000000000000000e+03
1.022000000000000000e+03
3.623000000000000000e+03
9.427000000000000000e+03
6.740000000000000000e+02
9.184000000000000000e+03
2.369000000000000000e+03
8.473000000000000000e+03
6.940000000000000000e+02
3.100000000000000000e+03
9.510000000000000000e+02
3.028000000000000000e+03
6.483000000000000000e+03
3.957000000000000000e+03
2.951000000000000000e+03
1.272000000000000000e+03
7.673000000000000000e+03
1.339000000000000000e+03
5.400000000000000000e+02
2.282000000000000000e+03
5.351000000000000000e+03
2.073000000000000000e+03
1.046000000000000000e+03
1.020000000000000000e+02
3.537000000000000000e+03
7.752000000000000000e+03
6.486000000000000000e+03
6.142000000000000000e+03
9.372000000000000000e+03
3.170000000000000000e+02
3.556000000000000000e+03
9.600000000000000000e+03
3.670000000000000000e+02
2.400000000000000000e+03
8.232000000000000000e+03
9.606000000000000000e+03
6.136000000000000000e+03
3.877000000000000000e+03
5.397000000000000000e+03
1.113000000000000000e+03
1.653000000000000000e+03
9.749000000000000000e+03
5.742000000000000000e+03
5.229000000000000000e+03
1.168000000000000000e+03
8.660000000000000000e+02
5.510000000000000000e+03
2.948000000000000000e+03
3.007000000000000000e+03
9.626000000000000000e+03
1.847000000000000000e+03
2.597000000000000000e+03
7.649000000000000000e+03
1.289000000000000000e+03
7.478000000000000000e+03
6.880000000000000000e+03
5.473000000000000000e+03
6.977000000000000000e+03
4.809000000000000000e+03
2.610000000000000000e+02
3.595000000000000000e+03
7.541000000000000000e+03
8.487000000000000000e+03
5.947000000000000000e+03
5.937000000000000000e+03
6.385000000000000000e+03
9.481000000000000000e+03
8.653000000000000000e+03
9.298000000000000000e+03
9.085000000000000000e+03
8.531000000000000000e+03
4.600000000000000000e+02
1.948000000000000000e+03
6.518000000000000000e+03
2.554000000000000000e+03
2.903000000000000000e+03
4.645000000000000000e+03
2.970000000000000000e+03
2.768000000000000000e+03
1.378000000000000000e+03
1.476000000000000000e+03
1.618000000000000000e+03
4.131000000000000000e+03
1.493000000000000000e+03
2.611000000000000000e+03
9.702000000000000000e+03
4.766000000000000000e+03
7.315000000000000000e+03
7.758000000000000000e+03
8.677000000000000000e+03
5.304000000000000000e+03
1.905000000000000000e+03
2.738000000000000000e+03
2.079000000000000000e+03
1.332000000000000000e+03
5.660000000000000000e+02
9.617000000000000000e+03
7.331000000000000000e+03
2.039000000000000000e+03
6.691000000000000000e+03
5.145000000000000000e+03
5.484000000000000000e+03
6.134000000000000000e+03
5.171000000000000000e+03
1.831000000000000000e+03
9.383000000000000000e+03
5.793000000000000000e+03
8.888000000000000000e+03
6.717000000000000000e+03
7.733000000000000000e+03
2.580000000000000000e+03
4.686000000000000000e+03
6.630000000000000000e+03
6.800000000000000000e+02
4.787000000000000000e+03
9.210000000000000000e+03
5.539000000000000000e+03
3.218000000000000000e+03
5.000000000000000000e+01
9.091000000000000000e+03
9.306000000000000000e+03
9.278000000000000000e+03
9.532000000000000000e+03
9.343000000000000000e+03
2.116000000000000000e+03
7.549000000000000000e+03
4.599000000000000000e+03
1.388000000000000000e+03
4.557000000000000000e+03
7.113000000000000000e+03
2.144000000000000000e+03
5.199000000000000000e+03
9.598000000000000000e+03
1.685000000000000000e+03
1.209000000000000000e+03
5.966000000000000000e+03
1.886000000000000000e+03
3.424000000000000000e+03
7.285000000000000000e+03
1.616000000000000000e+03
6.847000000000000000e+03
5.920000000000000000e+03
9.842000000000000000e+03
6.498000000000000000e+03
5.898000000000000000e+03
9.240000000000000000e+03
2.542000000000000000e+03
7.239000000000000000e+03
9.400000000000000000e+02
6.994000000000000000e+03
8.588000000000000000e+03
9.976000000000000000e+03
4.441000000000000000e+03
2.458000000000000000e+03
2.702000000000000000e+03
8.170000000000000000e+02
5.228000000000000000e+03
9.366000000000000000e+03
7.320000000000000000e+02
6.350000000000000000e+03
3.603000000000000000e+03
7.548000000000000000e+03
8.148000000000000000e+03
2.047000000000000000e+03
6.764000000000000000e+03
5.844000000000000000e+03
3.545000000000000000e+03
6.600000000000000000e+01
5.755000000000000000e+03
3.690000000000000000e+03
9.793000000000000000e+03
4.388000000000000000e+03
9.030000000000000000e+02
7.824000000000000000e+03
7.050000000000000000e+03
6.824000000000000000e+03
5.303000000000000000e+03
3.000000000000000000e+03
9.800000000000000000e+01
3.302000000000000000e+03
2.532000000000000000e+03
1.079000000000000000e+03
5.581000000000000000e+03
5.332000000000000000e+03
8.697000000000000000e+03
2.728000000000000000e+03
8.622000000000000000e+03
5.469000000000000000e+03
3.136000000000000000e+03
8.727000000000000000e+03
5.365000000000000000e+03
4.119000000000000000e+03
7.940000000000000000e+03
1.321000000000000000e+03
4.623000000000000000e+03
9.567000000000000000e+03
1.919000000000000000e+03
6.050000000000000000e+03
8.100000000000000000e+02
1.814000000000000000e+03
8.926000000000000000e+03
5.471000000000000000e+03
8.074000000000000000e+03
9.248000000000000000e+03
1.497000000000000000e+03
9.019000000000000000e+03
2.270000000000000000e+03
5.887000000000000000e+03
8.000000000000000000e+01
6.874000000000000000e+03
4.760000000000000000e+03
5.620000000000000000e+03
6.366000000000000000e+03
3.352000000000000000e+03
5.485000000000000000e+03
2.070000000000000000e+03
6.316000000000000000e+03
9.186000000000000000e+03
9.067000000000000000e+03
4.677000000000000000e+03
9.870000000000000000e+02
2.036000000000000000e+03
7.757000000000000000e+03
7.998000000000000000e+03
7.416000000000000000e+03
4.837000000000000000e+03
7.900000000000000000e+01
3.098000000000000000e+03
9.451000000000000000e+03
3.103000000000000000e+03
4.297000000000000000e+03
9.600000000000000000e+02
1.359000000000000000e+03
1.875000000000000000e+03
9.837000000000000000e+03
6.890000000000000000e+02
2.095000000000000000e+03
7.296000000000000000e+03
7.645000000000000000e+03
2.167000000000000000e+03
4.865000000000000000e+03
8.144000000000000000e+03
6.856000000000000000e+03
7.300000000000000000e+03
9.031000000000000000e+03
4.061000000000000000e+03
5.850000000000000000e+02
2.314000000000000000e+03
5.240000000000000000e+03
3.848000000000000000e+03
2.365000000000000000e+03
6.845000000000000000e+03
9.852000000000000000e+03
5.540000000000000000e+02
5.422000000000000000e+03
4.064000000000000000e+03
7.267000000000000000e+03
3.061000000000000000e+03
6.539000000000000000e+03
2.016000000000000000e+03
1.500000000000000000e+03
3.719000000000000000e+03
7.801000000000000000e+03
8.591000000000000000e+03
8.530000000000000000e+02
2.141000000000000000e+03
4.660000000000000000e+03
1.126000000000000000e+03
2.334000000000000000e+03
4.433000000000000000e+03
5.549000000000000000e+03
8.825000000000000000e+03
9.141000000000000000e+03
7.144000000000000000e+03
9.294000000000000000e+03
6.666000000000000000e+03
9.458000000000000000e+03
6.640000000000000000e+03
7.460000000000000000e+02
3.461000000000000000e+03
8.631000000000000000e+03
7.260000000000000000e+02
2.642000000000000000e+03
4.861000000000000000e+03
2.317000000000000000e+03
9.968000000000000000e+03
6.724000000000000000e+03
4.938000000000000000e+03
2.107000000000000000e+03
3.246000000000000000e+03
1.464000000000000000e+03
2.543000000000000000e+03
9.575000000000000000e+03
6.004000000000000000e+03
8.050000000000000000e+02
3.198000000000000000e+03
4.117000000000000000e+03
6.080000000000000000e+03
1.118000000000000000e+03
4.041000000000000000e+03
6.090000000000000000e+03
4.140000000000000000e+03
1.813000000000000000e+03
7.127000000000000000e+03
2.859000000000000000e+03
4.956000000000000000e+03
5.656000000000000000e+03
2.724000000000000000e+03
6.910000000000000000e+02
4.850000000000000000e+03
9.691000000000000000e+03
8.806000000000000000e+03
4.112000000000000000e+03
5.379000000000000000e+03
8.780000000000000000e+02
4.700000000000000000e+02
5.548000000000000000e+03
3.406000000000000000e+03
8.649000000000000000e+03
3.732000000000000000e+03
6.018000000000000000e+03
4.372000000000000000e+03
9.280000000000000000e+03
2.512000000000000000e+03
6.189000000000000000e+03
4.068000000000000000e+03
5.288000000000000000e+03
1.219000000000000000e+03
9.394000000000000000e+03
6.889000000000000000e+03
4.753000000000000000e+03
2.680000000000000000e+02
9.360000000000000000e+02
1.101000000000000000e+03
2.579000000000000000e+03
4.608000000000000000e+03
1.394000000000000000e+03
1.268000000000000000e+03
3.072000000000000000e+03
2.152000000000000000e+03
6.612000000000000000e+03
3.644000000000000000e+03
1.234000000000000000e+03
8.456000000000000000e+03
8.787000000000000000e+03
9.834000000000000000e+03
9.926000000000000000e+03
4.743000000000000000e+03
3.112000000000000000e+03
6.839000000000000000e+03
9.863000000000000000e+03
6.864000000000000000e+03
9.449000000000000000e+03
5.522000000000000000e+03
4.825000000000000000e+03
2.298000000000000000e+03
1.470000000000000000e+03
4.820000000000000000e+03
1.759000000000000000e+03
9.055000000000000000e+03
6.603000000000000000e+03
3.389000000000000000e+03
3.563000000000000000e+03
5.621000000000000000e+03
2.393000000000000000e+03
2.271000000000000000e+03
1.371000000000000000e+03
3.987000000000000000e+03
5.905000000000000000e+03
3.873000000000000000e+03
1.524000000000000000e+03
3.816000000000000000e+03
6.578000000000000000e+03
4.863000000000000000e+03
2.419000000000000000e+03
2.608000000000000000e+03
1.810000000000000000e+02
5.530000000000000000e+02
1.584000000000000000e+03
7.313000000000000000e+03
1.499000000000000000e+03
4.389000000000000000e+03
9.744000000000000000e+03
1.249000000000000000e+03
7.070000000000000000e+03
9.237000000000000000e+03
8.486000000000000000e+03
8.894000000000000000e+03
7.580000000000000000e+03
2.380000000000000000e+03
7.495000000000000000e+03
7.174000000000000000e+03
5.672000000000000000e+03
9.642000000000000000e+03
1.666000000000000000e+03
3.711000000000000000e+03
7.136000000000000000e+03
3.369000000000000000e+03
9.808000000000000000e+03
7.246000000000000000e+03
9.741000000000000000e+03
7.867000000000000000e+03
4.111000000000000000e+03
1.103000000000000000e+03
5.447000000000000000e+03
1.793000000000000000e+03
7.227000000000000000e+03
7.061000000000000000e+03
5.268000000000000000e+03
1.105000000000000000e+03
5.242000000000000000e+03
5.279000000000000000e+03
4.967000000000000000e+03
4.293000000000000000e+03
1.600000000000000000e+01
8.670000000000000000e+03
5.930000000000000000e+02
9.610000000000000000e+03
8.640000000000000000e+03
7.298000000000000000e+03
6.230000000000000000e+03
8.101000000000000000e+03
5.620000000000000000e+02
4.910000000000000000e+03
8.372000000000000000e+03
9.580000000000000000e+03
6.620000000000000000e+02
3.241000000000000000e+03
7.707000000000000000e+03
4.309000000000000000e+03
3.501000000000000000e+03
5.587000000000000000e+03
3.005000000000000000e+03
4.000000000000000000e+03
6.956000000000000000e+03
4.425000000000000000e+03
6.047000000000000000e+03
6.967000000000000000e+03
7.182000000000000000e+03
9.216000000000000000e+03
8.620000000000000000e+02
1.045000000000000000e+03
8.298000000000000000e+03
2.696000000000000000e+03
2.755000000000000000e+03
8.998000000000000000e+03
1.058000000000000000e+03
2.685000000000000000e+03
2.494000000000000000e+03
5.262000000000000000e+03
9.023000000000000000e+03
2.742000000000000000e+03
9.562000000000000000e+03
5.980000000000000000e+02
6.124000000000000000e+03
1.906000000000000000e+03
9.130000000000000000e+02
7.148000000000000000e+03
5.026000000000000000e+03
9.362000000000000000e+03
6.376000000000000000e+03
8.017000000000000000e+03
4.616000000000000000e+03
3.967000000000000000e+03
9.094000000000000000e+03
5.299000000000000000e+03
5.868000000000000000e+03
7.060000000000000000e+02
7.571000000000000000e+03
4.210000000000000000e+03
6.520000000000000000e+03
2.216000000000000000e+03
5.424000000000000000e+03
3.165000000000000000e+03
1.277000000000000000e+03
8.006000000000000000e+03
9.620000000000000000e+03
7.487000000000000000e+03
4.198000000000000000e+03
1.647000000000000000e+03
9.891000000000000000e+03
4.502000000000000000e+03
1.309000000000000000e+03
1.343000000000000000e+03
8.663000000000000000e+03
6.887000000000000000e+03
8.949000000000000000e+03
4.810000000000000000e+02
