6.129000000000000000e+03
5.251000000000000000e+03
7.791000000000000000e+03
7.506000000000000000e+03
1.034000000000000000e+03
3.613000000000000000e+03
3.090000000000000000e+03
6.344000000000000000e+03
9.519000000000000000e+03
7.190000000000000000e+03
6.843000000000000000e+03
1.621000000000000000e+03
9.387000000000000000e+03
9.552000000000000000e+03
5.337000000000000000e+03
5.415000000000000000e+03
9.223000000000000000e+03
6.437000000000000000e+03
1.191000000000000000e+03
2.557000000000000000e+03
5.079000000000000000e+03
8.382000000000000000e+03
7.175000000000000000e+03
6.633000000000000000e+03
3.790000000000000000e+03
7.630000000000000000e+02
2.376000000000000000e+03
9.358000000000000000e+03
5.452000000000000000e+03
5.513000000000000000e+03
7.010000000000000000e+02
9.818000000000000000e+03
4.650000000000000000e+03
5.470000000000000000e+03
2.940000000000000000e+02
5.087000000000000000e+03
8.808000000000000000e+03
7.031000000000000000e+03
7.846000000000000000e+03
7.737000000000000000e+03
9.264000000000000000e+03
8.057000000000000000e+03
3.191000000000000000e+03
1.826000000000000000e+03
6.117000000000000000e+03
3.032000000000000000e+03
7.231000000000000000e+03
3.170000000000000000e+03
7.170000000000000000e+02
5.342000000000000000e+03
8.921000000000000000e+03
7.625000000000000000e+03
2.209000000000000000e+03
9.436000000000000000e+03
5.109000000000000000e+03
7.782000000000000000e+03
9.352000000000000000e+03
3.818000000000000000e+03
6.398000000000000000e+03
6.478000000000000000e+03
2.593000000000000000e+03
3.650000000000000000e+03
2.954000000000000000e+03
7.221000000000000000e+03
8.021000000000000000e+03
9.244000000000000000e+03
2.185000000000000000e+03
6.003000000000000000e+03
8.307000000000000000e+03
6.211000000000000000e+03
3.849000000000000000e+03
4.043000000000000000e+03
5.806000000000000000e+03
4.062000000000000000e+03
4.788000000000000000e+03
9.677000000000000000e+03
6.580000000000000000e+03
9.405000000000000000e+03
7.342000000000000000e+03
1.218000000000000000e+03
1.944000000000000000e+03
7.203000000000000000e+03
2.217000000000000000e+03
3.735000000000000000e+03
1.094000000000000000e+03
4.457000000000000000e+03
7.607000000000000000e+03
3.371000000000000000e+03
5.353000000000000000e+03
7.940000000000000000e+02
3.417000000000000000e+03
9.070000000000000000e+03
5.430000000000000000e+03
5.669000000000000000e+03
4.935000000000000000e+03
7.536000000000000000e+03
2.378000000000000000e+03
2.042000000000000000e+03
4.741000000000000000e+03
4.079000000000000000e+03
2.541000000000000000e+03
9.674000000000000000e+03
3.540000000000000000e+02
8.633000000000000000e+03
4.754000000000000000e+03
6.527000000000000000e+03
9.415000000000000000e+03
3.851000000000000000e+03
4.655000000000000000e+03
7.658000000000000000e+03
5.132000000000000000e+03
2.612000000000000000e+03
7.847000000000000000e+03
4.085000000000000000e+03
6.751000000000000000e+03
9.846000000000000000e+03
1.358000000000000000e+03
9.071000000000000000e+03
2.519000000000000000e+03
7.319000000000000000e+03
3.027000000000000000e+03
7.608000000000000000e+03
6.630000000000000000e+02
1.075000000000000000e+03
3.699000000000000000e+03
6.150000000000000000e+02
8.708000000000000000e+03
5.460000000000000000e+03
9.400000000000000000e+01
6.533000000000000000e+03
8.427000000000000000e+03
4.021000000000000000e+03
1.392000000000000000e+03
9.464000000000000000e+03
1.829000000000000000e+03
2.912000000000000000e+03
8.443000000000000000e+03
7.517000000000000000e+03
7.980000000000000000e+02
8.509000000000000000e+03
5.917000000000000000e+03
3.003000000000000000e+03
6.192000000000000000e+03
9.540000000000000000e+03
8.586000000000000000e+03
2.693000000000000000e+03
7.167000000000000000e+03
1.400000000000000000e+01
5.416000000000000000e+03
5.399000000000000000e+03
1.397000000000000000e+03
5.291000000000000000e+03
3.438000000000000000e+03
4.732000000000000000e+03
3.175000000000000000e+03
9.549000000000000000e+03
8.672000000000000000e+03
5.093000000000000000e+03
2.946000000000000000e+03
5.091000000000000000e+03
7.350000000000000000e+02
7.822000000000000000e+03
6.222000000000000000e+03
9.039000000000000000e+03
9.180000000000000000e+03
8.113000000000000000e+03
7.171000000000000000e+03
3.930000000000000000e+02
3.858000000000000000e+03
1.643000000000000000e+03
8.692000000000000000e+03
2.553000000000000000e+03
6.374000000000000000e+03
5.230000000000000000e+02
6.750000000000000000e+02
4.292000000000000000e+03
4.730000000000000000e+02
2.366000000000000000e+03
5.258000000000000000e+03
9.378000000000000000e+03
8.480000000000000000e+02
9.593000000000000000e+03
8.367000000000000000e+03
5.666000000000000000e+03
4.006000000000000000e+03
9.520000000000000000e+03
6.644000000000000000e+03
4.951000000000000000e+03
7.411000000000000000e+03
7.280000000000000000e+03
2.434000000000000000e+03
1.403000000000000000e+03
2.390000000000000000e+02
5.590000000000000000e+03
9.096000000000000000e+03
4.349000000000000000e+03
8.090000000000000000e+02
1.897000000000000000e+03
5.762000000000000000e+03
9.622000000000000000e+03
4.705000000000000000e+03
5.557000000000000000e+03
8.880000000000000000e+02
2.977000000000000000e+03
4.723000000000000000e+03
9.547000000000000000e+03
1.269000000000000000e+03
5.381000000000000000e+03
2.412000000000000000e+03
8.550000000000000000e+03
9.937000000000000000e+03
1.407000000000000000e+03
8.936000000000000000e+03
4.149000000000000000e+03
5.983000000000000000e+03
6.391000000000000000e+03
4.905000000000000000e+03
1.518000000000000000e+03
2.158000000000000000e+03
5.125000000000000000e+03
7.750000000000000000e+02
6.906000000000000000e+03
4.000000000000000000e+02
2.635000000000000000e+03
3.823000000000000000e+03
6.093000000000000000e+03
9.259000000000000000e+03
8.973000000000000000e+03
4.115000000000000000e+03
7.528000000000000000e+03
9.750000000000000000e+02
6.330000000000000000e+02
9.839000000000000000e+03
8.108000000000000000e+03
7.785000000000000000e+03
5.149000000000000000e+03
2.910000000000000000e+03
7.022000000000000000e+03
1.207000000000000000e+03
7.154000000000000000e+03
8.280000000000000000e+02
6.939000000000000000e+03
4.899000000000000000e+03
8.592000000000000000e+03
2.481000000000000000e+03
2.787000000000000000e+03
1.927000000000000000e+03
8.612000000000000000e+03
1.551000000000000000e+03
6.469000000000000000e+03
9.716000000000000000e+03
6.744000000000000000e+03
9.847000000000000000e+03
7.135000000000000000e+03
4.103000000000000000e+03
3.489000000000000000e+03
9.700000000000000000e+03
4.180000000000000000e+02
4.582000000000000000e+03
9.960000000000000000e+02
3.511000000000000000e+03
1.890000000000000000e+03
5.119000000000000000e+03
9.477000000000000000e+03
5.748000000000000000e+03
4.354000000000000000e+03
1.155000000000000000e+03
1.016000000000000000e+03
2.861000000000000000e+03
8.719000000000000000e+03
4.562000000000000000e+03
7.876000000000000000e+03
4.476000000000000000e+03
4.848000000000000000e+03
9.904000000000000000e+03
5.427000000000000000e+03
5.099000000000000000e+03
5.390000000000000000e+03
4.549000000000000000e+03
7.840000000000000000e+03
6.677000000000000000e+03
4.098000000000000000e+03
4.326000000000000000e+03
6.929000000000000000e+03
7.150000000000000000e+02
1.303000000000000000e+03
4.700000000000000000e+01
1.642000000000000000e+03
2.503000000000000000e+03
1.658000000000000000e+03
3.547000000000000000e+03
1.431000000000000000e+03
1.574000000000000000e+03
1.895000000000000000e+03
1.036000000000000000e+03
7.486000000000000000e+03
9.954000000000000000e+03
6.528000000000000000e+03
9.346000000000000000e+03
1.990000000000000000e+02
5.408000000000000000e+03
3.082000000000000000e+03
4.277000000000000000e+03
5.508000000000000000e+03
1.856000000000000000e+03
2.408000000000000000e+03
1.128000000000000000e+03
7.476000000000000000e+03
7.211000000000000000e+03
3.670000000000000000e+03
8.070000000000000000e+03
2.978000000000000000e+03
4.907000000000000000e+03
1.354000000000000000e+03
9.511000000000000000e+03
9.440000000000000000e+02
9.000000000000000000e+01
1.889000000000000000e+03
3.739000000000000000e+03
3.000000000000000000e+01
2.139000000000000000e+03
4.541000000000000000e+03
6.681000000000000000e+03
5.283000000000000000e+03
8.290000000000000000e+03
8.293000000000000000e+03
6.982000000000000000e+03
2.086000000000000000e+03
2.534000000000000000e+03
9.219000000000000000e+03
9.707000000000000000e+03
2.450000000000000000e+02
6.480000000000000000e+02
4.605000000000000000e+03
5.841000000000000000e+03
1.731000000000000000e+03
1.913000000000000000e+03
8.900000000000000000e+02
1.800000000000000000e+01
4.635000000000000000e+03
2.427000000000000000e+03
9.581000000000000000e+03
9.230000000000000000e+02
2.921000000000000000e+03
1.926000000000000000e+03
5.062000000000000000e+03
1.539000000000000000e+03
9.872000000000000000e+03
6.370000000000000000e+02
5.418000000000000000e+03
3.248000000000000000e+03
4.002000000000000000e+03
5.780000000000000000e+03
2.575000000000000000e+03
9.742000000000000000e+03
1.605000000000000000e+03
9.330000000000000000e+02
8.489000000000000000e+03
3.701000000000000000e+03
8.490000000000000000e+02
8.346000000000000000e+03
9.370000000000000000e+03
9.579000000000000000e+03
1.928000000000000000e+03
1.600000000000000000e+03
4.526000000000000000e+03
8.753000000000000000e+03
7.248000000000000000e+03
1.531000000000000000e+03
5.225000000000000000e+03
1.962000000000000000e+03
8.471000000000000000e+03
6.213000000000000000e+03
5.703000000000000000e+03
1.489000000000000000e+03
1.469000000000000000e+03
8.939000000000000000e+03
8.603000000000000000e+03
8.550000000000000000e+02
2.083000000000000000e+03
6.593000000000000000e+03
6.857000000000000000e+03
8.940000000000000000e+02
7.270000000000000000e+02
2.690000000000000000e+03
6.365000000000000000e+03
2.931000000000000000e+03
6.453000000000000000e+03
7.233000000000000000e+03
1.114000000000000000e+03
6.811000000000000000e+03
6.030000000000000000e+03
8.354000000000000000e+03
9.238000000000000000e+03
4.770000000000000000e+03
1.837000000000000000e+03
4.688000000000000000e+03
7.932000000000000000e+03
5.358000000000000000e+03
5.935000000000000000e+03
8.264000000000000000e+03
2.264000000000000000e+03
6.362000000000000000e+03
5.720000000000000000e+03
2.886000000000000000e+03
2.440000000000000000e+03
8.773000000000000000e+03
7.332000000000000000e+03
2.879000000000000000e+03
2.898000000000000000e+03
1.057000000000000000e+03
1.382000000000000000e+03
4.266000000000000000e+03
5.076000000000000000e+03
6.990000000000000000e+03
1.465000000000000000e+03
5.355000000000000000e+03
4.071000000000000000e+03
8.235000000000000000e+03
2.708000000000000000e+03
3.956000000000000000e+03
6.295000000000000000e+03
4.912000000000000000e+03
7.957000000000000000e+03
6.941000000000000000e+03
8.500000000000000000e+03
5.817000000000000000e+03
9.927000000000000000e+03
2.818000000000000000e+03
1.270000000000000000e+03
1.178000000000000000e+03
2.201000000000000000e+03
5.004000000000000000e+03
4.998000000000000000e+03
7.338000000000000000e+03
7.910000000000000000e+03
4.750000000000000000e+02
8.662000000000000000e+03
3.938000000000000000e+03
7.366000000000000000e+03
7.650000000000000000e+02
3.300000000000000000e+01
9.500000000000000000e+01
5.345000000000000000e+03
3.040000000000000000e+02
8.989000000000000000e+03
8.071000000000000000e+03
4.791000000000000000e+03
3.249000000000000000e+03
3.076000000000000000e+03
2.046000000000000000e+03
1.614000000000000000e+03
1.090000000000000000e+02
9.764000000000000000e+03
7.885000000000000000e+03
7.621000000000000000e+03
5.677000000000000000e+03
8.945000000000000000e+03
9.183000000000000000e+03
8.155000000000000000e+03
2.630000000000000000e+03
7.033000000000000000e+03
6.859000000000000000e+03
2.330000000000000000e+03
4.652000000000000000e+03
3.495000000000000000e+03
3.233000000000000000e+03
7.394000000000000000e+03
9.625000000000000000e+03
1.938000000000000000e+03
3.752000000000000000e+03
9.203000000000000000e+03
2.202000000000000000e+03
9.710000000000000000e+02
1.140000000000000000e+03
3.235000000000000000e+03
4.200000000000000000e+02
3.397000000000000000e+03
6.559000000000000000e+03
9.866000000000000000e+03
7.488000000000000000e+03
6.700000000000000000e+03
9.193000000000000000e+03
6.854000000000000000e+03
6.997000000000000000e+03
2.373000000000000000e+03
3.086000000000000000e+03
5.710000000000000000e+02
5.564000000000000000e+03
2.489000000000000000e+03
8.527000000000000000e+03
3.029000000000000000e+03
9.947000000000000000e+03
7.704000000000000000e+03
5.956000000000000000e+03
4.772000000000000000e+03
8.011000000000000000e+03
1.978000000000000000e+03
1.989000000000000000e+03
8.270000000000000000e+02
8.645000000000000000e+03
6.899000000000000000e+03
2.339000000000000000e+03
5.662000000000000000e+03
4.131000000000000000e+03
1.500000000000000000e+01
3.994000000000000000e+03
7.630000000000000000e+03
2.586000000000000000e+03
6.040000000000000000e+02
9.427000000000000000e+03
8.940000000000000000e+03
8.702000000000000000e+03
2.689000000000000000e+03
1.747000000000000000e+03
5.170000000000000000e+03
2.956000000000000000e+03
4.645000000000000000e+03
9.228000000000000000e+03
7.679000000000000000e+03
5.668000000000000000e+03
8.487000000000000000e+03
2.546000000000000000e+03
5.572000000000000000e+03
1.022000000000000000e+03
3.093000000000000000e+03
3.902000000000000000e+03
1.870000000000000000e+02
6.500000000000000000e+03
9.550000000000000000e+02
9.545000000000000000e+03
6.067000000000000000e+03
9.075000000000000000e+03
3.102000000000000000e+03
3.670000000000000000e+02
6.716000000000000000e+03
1.637000000000000000e+03
3.929000000000000000e+03
3.115000000000000000e+03
5.229000000000000000e+03
7.475000000000000000e+03
3.814000000000000000e+03
6.206000000000000000e+03
7.393000000000000000e+03
1.020000000000000000e+02
9.700000000000000000e+02
3.955000000000000000e+03
7.974000000000000000e+03
8.741000000000000000e+03
9.777000000000000000e+03
6.540000000000000000e+02
5.632000000000000000e+03
6.227000000000000000e+03
8.180000000000000000e+03
3.416000000000000000e+03
5.275000000000000000e+03
3.552000000000000000e+03
5.528000000000000000e+03
3.898000000000000000e+03
8.160000000000000000e+03
3.170000000000000000e+02
2.073000000000000000e+03
5.752000000000000000e+03
9.117000000000000000e+03
8.270000000000000000e+03
2.727000000000000000e+03
8.690000000000000000e+02
3.890000000000000000e+03
9.988000000000000000e+03
8.855000000000000000e+03
9.830000000000000000e+03
8.224000000000000000e+03
3.560000000000000000e+02
4.177000000000000000e+03
5.769000000000000000e+03
5.285000000000000000e+03
2.558000000000000000e+03
1.650000000000000000e+02
5.134000000000000000e+03
4.728000000000000000e+03
7.200000000000000000e+02
6.940000000000000000e+02
7.315000000000000000e+03
2.969000000000000000e+03
7.108000000000000000e+03
5.957000000000000000e+03
7.430000000000000000e+03
1.598000000000000000e+03
6.095000000000000000e+03
1.810000000000000000e+03
3.663000000000000000e+03
2.545000000000000000e+03
9.709000000000000000e+03
2.686000000000000000e+03
5.618000000000000000e+03
9.176000000000000000e+03
8.696000000000000000e+03
8.656000000000000000e+03
5.083000000000000000e+03
8.453000000000000000e+03
2.620000000000000000e+03
4.063000000000000000e+03
4.897000000000000000e+03
8.697000000000000000e+03
6.605000000000000000e+03
1.537000000000000000e+03
9.210000000000000000e+03
7.753000000000000000e+03
5.793000000000000000e+03
7.939000000000000000e+03
2.860000000000000000e+02
3.961000000000000000e+03
1.044000000000000000e+03
8.564000000000000000e+03
7.051000000000000000e+03
7.320000000000000000e+02
7.712000000000000000e+03
6.500000000000000000e+02
7.824000000000000000e+03
3.403000000000000000e+03
3.182000000000000000e+03
9.029000000000000000e+03
5.467000000000000000e+03
3.302000000000000000e+03
7.310000000000000000e+03
5.590000000000000000e+02
8.281000000000000000e+03
9.014000000000000000e+03
4.832000000000000000e+03
2.562000000000000000e+03
5.400000000000000000e+01
2.751000000000000000e+03
3.382000000000000000e+03
7.020000000000000000e+03
8.901000000000000000e+03
1.209000000000000000e+03
9.607000000000000000e+03
4.875000000000000000e+03
2.468000000000000000e+03
9.800000000000000000e+01
3.410000000000000000e+02
7.314000000000000000e+03
5.558000000000000000e+03
7.959000000000000000e+03
1.181000000000000000e+03
6.229000000000000000e+03
3.840000000000000000e+02
2.388000000000000000e+03
6.130000000000000000e+03
8.169000000000000000e+03
1.990000000000000000e+03
4.394000000000000000e+03
2.601000000000000000e+03
4.618000000000000000e+03
4.547000000000000000e+03
8.700000000000000000e+02
9.100000000000000000e+01
6.814000000000000000e+03
9.858000000000000000e+03
8.760000000000000000e+03
5.715000000000000000e+03
2.231000000000000000e+03
3.622000000000000000e+03
6.128000000000000000e+03
2.383000000000000000e+03
3.398000000000000000e+03
4.132000000000000000e+03
4.882000000000000000e+03
9.532000000000000000e+03
5.884000000000000000e+03
4.704000000000000000e+03
1.400000000000000000e+02
5.383000000000000000e+03
5.057000000000000000e+03
9.066000000000000000e+03
2.006000000000000000e+03
8.024000000000000000e+03
2.321000000000000000e+03
2.466000000000000000e+03
2.156000000000000000e+03
7.290000000000000000e+02
3.030000000000000000e+03
7.335000000000000000e+03
6.691000000000000000e+03
5.341000000000000000e+03
5.221000000000000000e+03
7.343000000000000000e+03
4.814000000000000000e+03
5.660000000000000000e+02
9.138000000000000000e+03
1.153000000000000000e+03
7.860000000000000000e+03
8.380000000000000000e+03
1.373000000000000000e+03
8.311000000000000000e+03
7.210000000000000000e+03
5.994000000000000000e+03
5.034000000000000000e+03
7.387000000000000000e+03
6.187000000000000000e+03
3.356000000000000000e+03
7.734000000000000000e+03
3.400000000000000000e+03
9.608000000000000000e+03
3.604000000000000000e+03
3.720000000000000000e+03
5.498000000000000000e+03
8.698000000000000000e+03
4.855000000000000000e+03
8.931000000000000000e+03
9.196000000000000000e+03
1.941000000000000000e+03
2.523000000000000000e+03
9.262000000000000000e+03
3.997000000000000000e+03
4.083000000000000000e+03
3.162000000000000000e+03
7.050000000000000000e+02
7.950000000000000000e+03
9.108000000000000000e+03
3.011000000000000000e+03
1.321000000000000000e+03
4.886000000000000000e+03
8.321000000000000000e+03
2.234000000000000000e+03
4.715000000000000000e+03
9.781000000000000000e+03
3.736000000000000000e+03
8.590000000000000000e+02
1.440000000000000000e+02
7.500000000000000000e+01
8.387000000000000000e+03
3.070000000000000000e+02
8.974000000000000000e+03
9.270000000000000000e+03
9.458000000000000000e+03
4.142000000000000000e+03
1.903000000000000000e+03
5.751000000000000000e+03
9.963000000000000000e+03
8.727000000000000000e+03
3.098000000000000000e+03
8.885000000000000000e+03
1.750000000000000000e+03
7.439000000000000000e+03
1.194000000000000000e+03
7.796000000000000000e+03
2.278000000000000000e+03
9.957000000000000000e+03
8.188000000000000000e+03
6.619000000000000000e+03
7.180000000000000000e+03
9.929000000000000000e+03
2.595000000000000000e+03
6.121000000000000000e+03
3.799000000000000000e+03
6.188000000000000000e+03
2.808000000000000000e+03
9.374000000000000000e+03
6.697000000000000000e+03
6.577000000000000000e+03
6.805000000000000000e+03
9.500000000000000000e+02
4.793000000000000000e+03
5.999000000000000000e+03
9.077000000000000000e+03
4.073000000000000000e+03
1.703000000000000000e+03
5.313000000000000000e+03
5.177000000000000000e+03
1.401000000000000000e+03
1.875000000000000000e+03
6.762000000000000000e+03
5.657000000000000000e+03
7.924000000000000000e+03
9.979000000000000000e+03
5.114000000000000000e+03
5.688000000000000000e+03
7.390000000000000000e+03
9.884000000000000000e+03
2.344000000000000000e+03
9.731000000000000000e+03
9.288000000000000000e+03
2.262000000000000000e+03
1.741000000000000000e+03
1.143000000000000000e+03
9.869000000000000000e+03
4.214000000000000000e+03
2.480000000000000000e+03
9.495000000000000000e+03
8.541000000000000000e+03
2.565000000000000000e+03
5.048000000000000000e+03
4.493000000000000000e+03
2.167000000000000000e+03
2.837000000000000000e+03
2.070000000000000000e+03
3.349000000000000000e+03
8.064000000000000000e+03
4.471000000000000000e+03
8.990000000000000000e+02
2.550000000000000000e+03
7.805000000000000000e+03
7.545000000000000000e+03
1.694000000000000000e+03
1.790000000000000000e+02
4.740000000000000000e+02
4.141000000000000000e+03
6.030000000000000000e+02
9.161000000000000000e+03
8.242000000000000000e+03
2.211000000000000000e+03
7.371000000000000000e+03
9.243000000000000000e+03
5.578000000000000000e+03
4.580000000000000000e+02
4.372000000000000000e+03
4.399000000000000000e+03
5.003000000000000000e+03
5.777000000000000000e+03
5.744000000000000000e+03
4.145000000000000000e+03
7.265000000000000000e+03
8.300000000000000000e+03
9.433000000000000000e+03
7.200000000000000000e+03
4.822000000000000000e+03
8.135000000000000000e+03
4.852000000000000000e+03
8.661000000000000000e+03
6.248000000000000000e+03
7.309000000000000000e+03
6.304000000000000000e+03
5.434000000000000000e+03
4.455000000000000000e+03
8.060000000000000000e+02
1.583000000000000000e+03
6.523000000000000000e+03
1.225000000000000000e+03
5.061000000000000000e+03
1.249000000000000000e+03
7.034000000000000000e+03
6.910000000000000000e+02
7.871000000000000000e+03
6.904000000000000000e+03
7.870000000000000000e+02
3.727000000000000000e+03
5.855000000000000000e+03
8.877000000000000000e+03
4.960000000000000000e+03
6.189000000000000000e+03
9.516000000000000000e+03
6.640000000000000000e+02
4.419000000000000000e+03
1.523000000000000000e+03
5.118000000000000000e+03
6.056000000000000000e+03
6.617000000000000000e+03
6.275000000000000000e+03
4.140000000000000000e+03
8.958000000000000000e+03
2.774000000000000000e+03
9.575000000000000000e+03
7.417000000000000000e+03
2.552000000000000000e+03
3.364000000000000000e+03
6.889000000000000000e+03
4.543000000000000000e+03
3.626000000000000000e+03
6.209000000000000000e+03
9.139000000000000000e+03
2.381000000000000000e+03
5.016000000000000000e+03
9.610000000000000000e+02
5.103000000000000000e+03
7.534000000000000000e+03
1.567000000000000000e+03
1.810000000000000000e+02
4.978000000000000000e+03
5.173000000000000000e+03
2.225000000000000000e+03
1.770000000000000000e+02
3.153000000000000000e+03
1.101000000000000000e+03
3.158000000000000000e+03
5.075000000000000000e+03
4.350000000000000000e+02
8.942000000000000000e+03
8.236000000000000000e+03
2.783000000000000000e+03
5.278000000000000000e+03
9.375000000000000000e+03
7.663000000000000000e+03
9.321000000000000000e+03
1.464000000000000000e+03
8.669000000000000000e+03
8.015000000000000000e+03
1.219000000000000000e+03
1.686000000000000000e+03
4.020000000000000000e+03
3.056000000000000000e+03
4.683000000000000000e+03
2.456000000000000000e+03
3.874000000000000000e+03
9.767000000000000000e+03
8.723000000000000000e+03
6.817000000000000000e+03
3.850000000000000000e+03
1.655000000000000000e+03
2.448000000000000000e+03
6.565000000000000000e+03
6.710000000000000000e+02
4.735000000000000000e+03
8.623000000000000000e+03
4.284000000000000000e+03
1.048000000000000000e+03
8.962000000000000000e+03
4.287000000000000000e+03
8.751000000000000000e+03
8.213000000000000000e+03
2.570000000000000000e+03
7.682000000000000000e+03
1.322000000000000000e+03
8.044000000000000000e+03
5.868000000000000000e+03
4.644000000000000000e+03
4.665000000000000000e+03
9.093000000000000000e+03
7.489000000000000000e+03
8.928000000000000000e+03
1.455000000000000000e+03
2.068000000000000000e+03
4.314000000000000000e+03
8.717000000000000000e+03
2.973000000000000000e+03
4.260000000000000000e+02
8.893000000000000000e+03
5.622000000000000000e+03
9.554000000000000000e+03
6.508000000000000000e+03
7.795000000000000000e+03
4.298000000000000000e+03
1.901000000000000000e+03
4.182000000000000000e+03
2.088000000000000000e+03
6.505000000000000000e+03
8.663000000000000000e+03
9.544000000000000000e+03
7.236000000000000000e+03
4.700000000000000000e+03
4.009000000000000000e+03
2.648000000000000000e+03
4.424000000000000000e+03
1.423000000000000000e+03
1.063000000000000000e+03
4.681000000000000000e+03
3.200000000000000000e+02
5.333000000000000000e+03
3.861000000000000000e+03
9.973000000000000000e+03
4.184000000000000000e+03
4.502000000000000000e+03
7.459000000000000000e+03
4.968000000000000000e+03
6.642000000000000000e+03
2.857000000000000000e+03
4.015000000000000000e+03
7.380000000000000000e+03
9.089000000000000000e+03
1.979000000000000000e+03
2.810000000000000000e+02
1.081000000000000000e+03
8.383000000000000000e+03
6.112000000000000000e+03
9.497000000000000000e+03
1.180000000000000000e+02
8.817000000000000000e+03
2.232000000000000000e+03
5.210000000000000000e+02
3.478000000000000000e+03
1.228000000000000000e+03
7.025000000000000000e+03
9.144000000000000000e+03
7.128000000000000000e+03
9.376000000000000000e+03
8.827000000000000000e+03
5.137000000000000000e+03
9.293000000000000000e+03
3.992000000000000000e+03
3.872000000000000000e+03
4.679000000000000000e+03
8.002000000000000000e+03
7.592000000000000000e+03
3.587000000000000000e+03
9.900000000000000000e+01
6.172000000000000000e+03
9.610000000000000000e+03
2.633000000000000000e+03
8.259000000000000000e+03
5.805000000000000000e+03
