1.623000000000000000e+03
5.450000000000000000e+02
5.610000000000000000e+02
7.491000000000000000e+03
6.818000000000000000e+03
7.555000000000000000e+03
8.388000000000000000e+03
5.686000000000000000e+03
8.691000000000000000e+03
1.176000000000000000e+03
1.775000000000000000e+03
7.607000000000000000e+03
4.048000000000000000e+03
7.601000000000000000e+03
6.588000000000000000e+03
7.440000000000000000e+03
3.895000000000000000e+03
7.703000000000000000e+03
1.399000000000000000e+03
9.405000000000000000e+03
2.571000000000000000e+03
7.452000000000000000e+03
9.930000000000000000e+02
8.278000000000000000e+03
7.898000000000000000e+03
2.656000000000000000e+03
3.864000000000000000e+03
2.717000000000000000e+03
2.970000000000000000e+02
3.805000000000000000e+03
1.777000000000000000e+03
9.223000000000000000e+03
3.346000000000000000e+03
8.772000000000000000e+03
6.750000000000000000e+03
8.858000000000000000e+03
7.558000000000000000e+03
2.178000000000000000e+03
2.649000000000000000e+03
4.227000000000000000e+03
6.344000000000000000e+03
7.913000000000000000e+03
5.460000000000000000e+02
2.410000000000000000e+03
1.379000000000000000e+03
8.448000000000000000e+03
6.444000000000000000e+03
4.631000000000000000e+03
8.960000000000000000e+02
8.007000000000000000e+03
4.278000000000000000e+03
8.629000000000000000e+03
8.172000000000000000e+03
6.557000000000000000e+03
1.294000000000000000e+03
5.721000000000000000e+03
2.531000000000000000e+03
1.047000000000000000e+03
4.720000000000000000e+03
2.304000000000000000e+03
6.580000000000000000e+03
1.880000000000000000e+02
6.892000000000000000e+03
6.841000000000000000e+03
6.293000000000000000e+03
4.495000000000000000e+03
7.485000000000000000e+03
9.162000000000000000e+03
2.455000000000000000e+03
9.648000000000000000e+03
7.133000000000000000e+03
5.847000000000000000e+03
4.241000000000000000e+03
6.114000000000000000e+03
1.841000000000000000e+03
4.166000000000000000e+03
7.782000000000000000e+03
8.748000000000000000e+03
8.040000000000000000e+02
7.100000000000000000e+01
3.087000000000000000e+03
4.448000000000000000e+03
4.628000000000000000e+03
9.527000000000000000e+03
4.604000000000000000e+03
5.980000000000000000e+03
2.378000000000000000e+03
7.052000000000000000e+03
9.488000000000000000e+03
8.055000000000000000e+03
1.708000000000000000e+03
5.257000000000000000e+03
9.850000000000000000e+03
4.462000000000000000e+03
5.320000000000000000e+03
2.932000000000000000e+03
1.907000000000000000e+03
5.035000000000000000e+03
8.490000000000000000e+03
5.974000000000000000e+03
5.148000000000000000e+03
7.973000000000000000e+03
8.509000000000000000e+03
3.761000000000000000e+03
3.586000000000000000e+03
1.329000000000000000e+03
2.984000000000000000e+03
5.460000000000000000e+03
5.208000000000000000e+03
6.819000000000000000e+03
9.324000000000000000e+03
2.013000000000000000e+03
2.706000000000000000e+03
8.740000000000000000e+03
9.799000000000000000e+03
8.360000000000000000e+02
5.893000000000000000e+03
9.407000000000000000e+03
3.546000000000000000e+03
5.203000000000000000e+03
9.222000000000000000e+03
6.310000000000000000e+03
8.559000000000000000e+03
1.027000000000000000e+03
4.190000000000000000e+03
3.922000000000000000e+03
5.550000000000000000e+03
8.180000000000000000e+02
5.350000000000000000e+03
3.455000000000000000e+03
8.286000000000000000e+03
6.750000000000000000e+02
3.320000000000000000e+03
2.409000000000000000e+03
5.520000000000000000e+03
8.659000000000000000e+03
8.439000000000000000e+03
4.643000000000000000e+03
3.689000000000000000e+03
9.171000000000000000e+03
1.358000000000000000e+03
6.356000000000000000e+03
3.741000000000000000e+03
6.407000000000000000e+03
6.720000000000000000e+03
1.037000000000000000e+03
6.720000000000000000e+02
6.948000000000000000e+03
4.525000000000000000e+03
9.591000000000000000e+03
7.567000000000000000e+03
6.688000000000000000e+03
9.480000000000000000e+02
8.914000000000000000e+03
4.589000000000000000e+03
5.553000000000000000e+03
6.239000000000000000e+03
4.201000000000000000e+03
8.400000000000000000e+02
5.314000000000000000e+03
5.776000000000000000e+03
6.622000000000000000e+03
7.299000000000000000e+03
7.658000000000000000e+03
7.626000000000000000e+03
7.717000000000000000e+03
9.039000000000000000e+03
9.345000000000000000e+03
3.421000000000000000e+03
4.153000000000000000e+03
2.704000000000000000e+03
8.099000000000000000e+03
8.289000000000000000e+03
8.715000000000000000e+03
5.193000000000000000e+03
6.115000000000000000e+03
7.847000000000000000e+03
4.732000000000000000e+03
4.450000000000000000e+03
7.890000000000000000e+03
6.254000000000000000e+03
1.318000000000000000e+03
5.978000000000000000e+03
6.044000000000000000e+03
5.081000000000000000e+03
4.760000000000000000e+02
2.599000000000000000e+03
8.022000000000000000e+03
4.563000000000000000e+03
8.088000000000000000e+03
5.506000000000000000e+03
3.745000000000000000e+03
1.075000000000000000e+03
2.725000000000000000e+03
6.976000000000000000e+03
4.972000000000000000e+03
9.640000000000000000e+02
6.928000000000000000e+03
9.946000000000000000e+03
6.901000000000000000e+03
7.750000000000000000e+02
4.055000000000000000e+03
9.048000000000000000e+03
8.923000000000000000e+03
4.103000000000000000e+03
1.349000000000000000e+03
1.432000000000000000e+03
2.101000000000000000e+03
4.801000000000000000e+03
1.538000000000000000e+03
8.492000000000000000e+03
5.849000000000000000e+03
8.704000000000000000e+03
2.780000000000000000e+03
6.266000000000000000e+03
7.100000000000000000e+03
2.085000000000000000e+03
3.796000000000000000e+03
2.220000000000000000e+02
7.280000000000000000e+02
6.900000000000000000e+02
3.729000000000000000e+03
2.726000000000000000e+03
4.260000000000000000e+03
4.670000000000000000e+02
6.989000000000000000e+03
4.950000000000000000e+03
7.115000000000000000e+03
6.391000000000000000e+03
8.544000000000000000e+03
1.722000000000000000e+03
6.796000000000000000e+03
3.823000000000000000e+03
9.635000000000000000e+03
6.521000000000000000e+03
2.176000000000000000e+03
3.327000000000000000e+03
6.554000000000000000e+03
2.327000000000000000e+03
7.291000000000000000e+03
5.099000000000000000e+03
1.696000000000000000e+03
9.950000000000000000e+02
2.082000000000000000e+03
6.305000000000000000e+03
2.780000000000000000e+02
7.120000000000000000e+03
4.167000000000000000e+03
2.621000000000000000e+03
8.920000000000000000e+02
2.198000000000000000e+03
7.359000000000000000e+03
7.604000000000000000e+03
3.004000000000000000e+03
3.212000000000000000e+03
6.064000000000000000e+03
3.514000000000000000e+03
1.451000000000000000e+03
9.820000000000000000e+03
5.643000000000000000e+03
8.889000000000000000e+03
6.350000000000000000e+02
5.292000000000000000e+03
8.315000000000000000e+03
9.623000000000000000e+03
9.181000000000000000e+03
1.642000000000000000e+03
3.628000000000000000e+03
9.379000000000000000e+03
7.015000000000000000e+03
7.472000000000000000e+03
6.920000000000000000e+03
8.810000000000000000e+03
1.932000000000000000e+03
9.450000000000000000e+02
9.595000000000000000e+03
6.093000000000000000e+03
2.784000000000000000e+03
6.130000000000000000e+02
9.893000000000000000e+03
4.098000000000000000e+03
3.256000000000000000e+03
4.920000000000000000e+03
7.700000000000000000e+01
2.488000000000000000e+03
7.945000000000000000e+03
9.904000000000000000e+03
6.581000000000000000e+03
4.549000000000000000e+03
8.966000000000000000e+03
6.462000000000000000e+03
2.596000000000000000e+03
6.014000000000000000e+03
7.917000000000000000e+03
3.176000000000000000e+03
8.580000000000000000e+02
3.258000000000000000e+03
4.442000000000000000e+03
6.041000000000000000e+03
3.876000000000000000e+03
9.330000000000000000e+02
1.983000000000000000e+03
7.365000000000000000e+03
1.204000000000000000e+03
4.288000000000000000e+03
4.370000000000000000e+02
9.063000000000000000e+03
1.765000000000000000e+03
9.614000000000000000e+03
2.731000000000000000e+03
9.580000000000000000e+02
3.739000000000000000e+03
2.105000000000000000e+03
9.332000000000000000e+03
6.160000000000000000e+03
3.690000000000000000e+02
3.083000000000000000e+03
7.600000000000000000e+01
9.697000000000000000e+03
5.359000000000000000e+03
5.468000000000000000e+03
3.642000000000000000e+03
8.603000000000000000e+03
9.636000000000000000e+03
7.103000000000000000e+03
1.120000000000000000e+02
5.245000000000000000e+03
5.346000000000000000e+03
3.487000000000000000e+03
4.541000000000000000e+03
4.220000000000000000e+03
6.862000000000000000e+03
6.875000000000000000e+03
6.065000000000000000e+03
6.821000000000000000e+03
1.503000000000000000e+03
4.930000000000000000e+02
5.446000000000000000e+03
2.551000000000000000e+03
4.928000000000000000e+03
6.046000000000000000e+03
5.700000000000000000e+03
9.524000000000000000e+03
2.130000000000000000e+02
4.854000000000000000e+03
2.945000000000000000e+03
7.312000000000000000e+03
6.290000000000000000e+03
8.308000000000000000e+03
9.943000000000000000e+03
4.334000000000000000e+03
8.700000000000000000e+01
2.684000000000000000e+03
4.530000000000000000e+02
4.469000000000000000e+03
8.150000000000000000e+02
1.800000000000000000e+01
5.860000000000000000e+03
2.985000000000000000e+03
2.865000000000000000e+03
5.408000000000000000e+03
2.927000000000000000e+03
8.190000000000000000e+02
8.014000000000000000e+03
7.010000000000000000e+03
5.168000000000000000e+03
7.628000000000000000e+03
4.818000000000000000e+03
7.326000000000000000e+03
9.270000000000000000e+02
7.214000000000000000e+03
9.120000000000000000e+02
8.272000000000000000e+03
5.585000000000000000e+03
5.538000000000000000e+03
6.349000000000000000e+03
3.746000000000000000e+03
5.240000000000000000e+02
9.624000000000000000e+03
6.940000000000000000e+03
7.097000000000000000e+03
6.739000000000000000e+03
1.976000000000000000e+03
1.779000000000000000e+03
8.362000000000000000e+03
9.007000000000000000e+03
9.579000000000000000e+03
8.910000000000000000e+03
7.530000000000000000e+02
7.117000000000000000e+03
1.072000000000000000e+03
2.431000000000000000e+03
4.109000000000000000e+03
9.501000000000000000e+03
7.270000000000000000e+02
7.995000000000000000e+03
9.380000000000000000e+03
9.342000000000000000e+03
1.298000000000000000e+03
6.957000000000000000e+03
6.812000000000000000e+03
6.742000000000000000e+03
7.190000000000000000e+02
8.220000000000000000e+03
7.760000000000000000e+02
6.448000000000000000e+03
1.634000000000000000e+03
6.980000000000000000e+02
5.650000000000000000e+02
1.571000000000000000e+03
7.425000000000000000e+03
2.537000000000000000e+03
5.825000000000000000e+03
6.547000000000000000e+03
1.390000000000000000e+02
5.239000000000000000e+03
6.516000000000000000e+03
1.700000000000000000e+02
9.690000000000000000e+02
8.562000000000000000e+03
5.200000000000000000e+03
6.323000000000000000e+03
4.590000000000000000e+03
3.541000000000000000e+03
9.977000000000000000e+03
1.306000000000000000e+03
4.192000000000000000e+03
8.442000000000000000e+03
1.382000000000000000e+03
1.440000000000000000e+03
8.193000000000000000e+03
4.860000000000000000e+03
8.309000000000000000e+03
8.155000000000000000e+03
6.700000000000000000e+02
1.264000000000000000e+03
6.175000000000000000e+03
1.724000000000000000e+03
3.025000000000000000e+03
5.409000000000000000e+03
4.250000000000000000e+02
7.083000000000000000e+03
6.378000000000000000e+03
6.911000000000000000e+03
2.963000000000000000e+03
8.527000000000000000e+03
7.775000000000000000e+03
8.363000000000000000e+03
1.580000000000000000e+03
7.376000000000000000e+03
1.300000000000000000e+03
7.092000000000000000e+03
9.927000000000000000e+03
9.672000000000000000e+03
5.202000000000000000e+03
6.362000000000000000e+03
1.511000000000000000e+03
7.704000000000000000e+03
2.340000000000000000e+03
6.295000000000000000e+03
9.080000000000000000e+02
4.029000000000000000e+03
2.120000000000000000e+03
1.112000000000000000e+03
5.617000000000000000e+03
9.530000000000000000e+02
6.585000000000000000e+03
7.394000000000000000e+03
4.840000000000000000e+02
4.481000000000000000e+03
7.085000000000000000e+03
7.910000000000000000e+03
4.906000000000000000e+03
3.685000000000000000e+03
3.388000000000000000e+03
2.613000000000000000e+03
3.551000000000000000e+03
5.696000000000000000e+03
9.224000000000000000e+03
2.771000000000000000e+03
4.414000000000000000e+03
1.391000000000000000e+03
8.812000000000000000e+03
6.271000000000000000e+03
1.043000000000000000e+03
3.542000000000000000e+03
3.600000000000000000e+02
1.270000000000000000e+03
7.102000000000000000e+03
5.975000000000000000e+03
7.045000000000000000e+03
5.597000000000000000e+03
3.288000000000000000e+03
8.511000000000000000e+03
4.229000000000000000e+03
6.699000000000000000e+03
2.100000000000000000e+02
7.218000000000000000e+03
3.249000000000000000e+03
1.649000000000000000e+03
7.938000000000000000e+03
1.041000000000000000e+03
1.285000000000000000e+03
4.830000000000000000e+03
8.473000000000000000e+03
3.117000000000000000e+03
6.043000000000000000e+03
1.421000000000000000e+03
7.108000000000000000e+03
4.196000000000000000e+03
2.518000000000000000e+03
6.120000000000000000e+03
1.102000000000000000e+03
7.511000000000000000e+03
7.195000000000000000e+03
8.049000000000000000e+03
1.672000000000000000e+03
9.428000000000000000e+03
4.645000000000000000e+03
2.413000000000000000e+03
8.696000000000000000e+03
8.122000000000000000e+03
5.488000000000000000e+03
4.031000000000000000e+03
6.611000000000000000e+03
5.662000000000000000e+03
9.391000000000000000e+03
5.432000000000000000e+03
3.145000000000000000e+03
1.917000000000000000e+03
8.632000000000000000e+03
4.577000000000000000e+03
8.192000000000000000e+03
8.170000000000000000e+03
6.500000000000000000e+03
1.525000000000000000e+03
9.970000000000000000e+03
1.115000000000000000e+03
1.510000000000000000e+03
5.697000000000000000e+03
7.067000000000000000e+03
2.805000000000000000e+03
3.220000000000000000e+03
7.448000000000000000e+03
4.440000000000000000e+03
1.747000000000000000e+03
4.971000000000000000e+03
2.775000000000000000e+03
5.518000000000000000e+03
6.522000000000000000e+03
5.972000000000000000e+03
1.620000000000000000e+02
5.874000000000000000e+03
7.003000000000000000e+03
3.330000000000000000e+02
8.702000000000000000e+03
2.986000000000000000e+03
2.546000000000000000e+03
4.072000000000000000e+03
3.778000000000000000e+03
3.837000000000000000e+03
3.275000000000000000e+03
6.706000000000000000e+03
4.315000000000000000e+03
8.630000000000000000e+03
4.233000000000000000e+03
8.761000000000000000e+03
5.420000000000000000e+03
8.327000000000000000e+03
6.716000000000000000e+03
2.890000000000000000e+02
2.110000000000000000e+02
6.244000000000000000e+03
7.294000000000000000e+03
7.649000000000000000e+03
2.545000000000000000e+03
3.199000000000000000e+03
2.855000000000000000e+03
6.385000000000000000e+03
9.545000000000000000e+03
4.867000000000000000e+03
5.769000000000000000e+03
1.022000000000000000e+03
4.263000000000000000e+03
6.415000000000000000e+03
4.888000000000000000e+03
8.823000000000000000e+03
6.920000000000000000e+02
1.032000000000000000e+03
8.686000000000000000e+03
7.870000000000000000e+03
1.089000000000000000e+03
8.813000000000000000e+03
9.907000000000000000e+03
3.468000000000000000e+03
7.970000000000000000e+02
2.581000000000000000e+03
6.746000000000000000e+03
3.113000000000000000e+03
8.072000000000000000e+03
3.800000000000000000e+03
2.795000000000000000e+03
7.816000000000000000e+03
5.948000000000000000e+03
1.616000000000000000e+03
2.066000000000000000e+03
7.522000000000000000e+03
5.898000000000000000e+03
8.944000000000000000e+03
3.447000000000000000e+03
7.753000000000000000e+03
7.116000000000000000e+03
2.831000000000000000e+03
6.187000000000000000e+03
1.982000000000000000e+03
7.761000000000000000e+03
2.458000000000000000e+03
5.539000000000000000e+03
4.211000000000000000e+03
5.834000000000000000e+03
7.314000000000000000e+03
7.929000000000000000e+03
6.550000000000000000e+03
3.539000000000000000e+03
9.178000000000000000e+03
7.290000000000000000e+02
1.822000000000000000e+03
4.008000000000000000e+03
5.484000000000000000e+03
4.832000000000000000e+03
7.596000000000000000e+03
7.110000000000000000e+03
5.030000000000000000e+03
1.014000000000000000e+03
7.166000000000000000e+03
1.362000000000000000e+03
3.530000000000000000e+02
6.966000000000000000e+03
3.238000000000000000e+03
6.847000000000000000e+03
7.959000000000000000e+03
2.754000000000000000e+03
6.130000000000000000e+03
5.909000000000000000e+03
3.402000000000000000e+03
4.045000000000000000e+03
6.334000000000000000e+03
2.542000000000000000e+03
9.529000000000000000e+03
1.296000000000000000e+03
9.793000000000000000e+03
9.679000000000000000e+03
5.332000000000000000e+03
5.581000000000000000e+03
1.688000000000000000e+03
7.358000000000000000e+03
1.182000000000000000e+03
3.270000000000000000e+03
2.920000000000000000e+03
5.481000000000000000e+03
2.860000000000000000e+03
6.197000000000000000e+03
5.034000000000000000e+03
3.067000000000000000e+03
7.370000000000000000e+02
4.285000000000000000e+03
4.346000000000000000e+03
8.588000000000000000e+03
9.148000000000000000e+03
5.591000000000000000e+03
1.990000000000000000e+03
2.677000000000000000e+03
1.981000000000000000e+03
7.860000000000000000e+03
2.267000000000000000e+03
3.391000000000000000e+03
7.240000000000000000e+02
5.844000000000000000e+03
1.108000000000000000e+03
3.382000000000000000e+03
2.580000000000000000e+03
9.226000000000000000e+03
3.683000000000000000e+03
4.209000000000000000e+03
6.605000000000000000e+03
4.450000000000000000e+02
3.350000000000000000e+03
1.162000000000000000e+03
8.828000000000000000e+03
9.100000000000000000e+01
6.591000000000000000e+03
5.743000000000000000e+03
5.886000000000000000e+03
2.620000000000000000e+03
3.121000000000000000e+03
6.630000000000000000e+03
3.424000000000000000e+03
8.515000000000000000e+03
9.607000000000000000e+03
2.782000000000000000e+03
3.349000000000000000e+03
5.179000000000000000e+03
6.589000000000000000e+03
8.218000000000000000e+03
2.484000000000000000e+03
1.110000000000000000e+02
9.505000000000000000e+03
6.360000000000000000e+03
6.171000000000000000e+03
5.663000000000000000e+03
7.204000000000000000e+03
9.110000000000000000e+02
2.968000000000000000e+03
1.326000000000000000e+03
3.280000000000000000e+02
7.632000000000000000e+03
9.166000000000000000e+03
6.000000000000000000e+01
5.402000000000000000e+03
8.931000000000000000e+03
8.248000000000000000e+03
9.340000000000000000e+03
9.566000000000000000e+03
6.580000000000000000e+02
6.871000000000000000e+03
1.770000000000000000e+03
4.453000000000000000e+03
3.632000000000000000e+03
1.126000000000000000e+03
1.933000000000000000e+03
8.220000000000000000e+02
1.171000000000000000e+03
6.243000000000000000e+03
6.069000000000000000e+03
7.307000000000000000e+03
7.825000000000000000e+03
5.071000000000000000e+03
5.751000000000000000e+03
5.655000000000000000e+03
4.767000000000000000e+03
2.234000000000000000e+03
3.061000000000000000e+03
5.465000000000000000e+03
6.377000000000000000e+03
1.566000000000000000e+03
2.442000000000000000e+03
7.477000000000000000e+03
2.539000000000000000e+03
5.162000000000000000e+03
5.220000000000000000e+02
4.107000000000000000e+03
9.660000000000000000e+03
3.600000000000000000e+01
4.214000000000000000e+03
5.496000000000000000e+03
3.010000000000000000e+02
6.805000000000000000e+03
1.260000000000000000e+03
4.800000000000000000e+03
1.925000000000000000e+03
8.980000000000000000e+02
9.500000000000000000e+02
7.710000000000000000e+02
4.746000000000000000e+03
2.430000000000000000e+02
9.684000000000000000e+03
6.188000000000000000e+03
6.490000000000000000e+02
7.998000000000000000e+03
9.534000000000000000e+03
2.844000000000000000e+03
1.966000000000000000e+03
4.730000000000000000e+03
9.957000000000000000e+03
7.296000000000000000e+03
3.098000000000000000e+03
4.061000000000000000e+03
4.487000000000000000e+03
5.773000000000000000e+03
3.418000000000000000e+03
8.519000000000000000e+03
8.151000000000000000e+03
5.988000000000000000e+03
7.111000000000000000e+03
5.808000000000000000e+03
3.361000000000000000e+03
3.441000000000000000e+03
4.551000000000000000e+03
6.992000000000000000e+03
8.651000000000000000e+03
7.533000000000000000e+03
8.600000000000000000e+01
8.541000000000000000e+03
4.784000000000000000e+03
1.540000000000000000e+03
8.837000000000000000e+03
9.806000000000000000e+03
7.300000000000000000e+03
2.016000000000000000e+03
9.859000000000000000e+03
4.360000000000000000e+02
3.158000000000000000e+03
5.188000000000000000e+03
8.440000000000000000e+02
8.223000000000000000e+03
2.543000000000000000e+03
3.406000000000000000e+03
8.661000000000000000e+03
1.319000000000000000e+03
1.415000000000000000e+03
9.136000000000000000e+03
8.574000000000000000e+03
6.056000000000000000e+03
9.237000000000000000e+03
8.640000000000000000e+02
5.875000000000000000e+03
5.530000000000000000e+03
4.956000000000000000e+03
8.065000000000000000e+03
7.872000000000000000e+03
8.934000000000000000e+03
2.935000000000000000e+03
8.300000000000000000e+03
4.434000000000000000e+03
4.478000000000000000e+03
3.892000000000000000e+03
7.633000000000000000e+03
8.046000000000000000e+03
8.183000000000000000e+03
3.198000000000000000e+03
1.810000000000000000e+02
7.070000000000000000e+03
3.516000000000000000e+03
3.519000000000000000e+03
7.788000000000000000e+03
8.000000000000000000e+02
8.942000000000000000e+03
5.911000000000000000e+03
5.430000000000000000e+02
3.662000000000000000e+03
8.339000000000000000e+03
2.800000000000000000e+03
7.545000000000000000e+03
1.007000000000000000e+03
7.126000000000000000e+03
7.046000000000000000e+03
3.807000000000000000e+03
5.204000000000000000e+03
3.988000000000000000e+03
1.229000000000000000e+03
7.803000000000000000e+03
5.855000000000000000e+03
1.124000000000000000e+03
9.824000000000000000e+03
2.430000000000000000e+03
2.608000000000000000e+03
5.306000000000000000e+03
8.437000000000000000e+03
8.258000000000000000e+03
6.910000000000000000e+02
5.647000000000000000e+03
8.297000000000000000e+03
5.059000000000000000e+03
8.566000000000000000e+03
3.813000000000000000e+03
7.666000000000000000e+03
4.852000000000000000e+03
9.394000000000000000e+03
9.967000000000000000e+03
2.467000000000000000e+03
2.905000000000000000e+03
3.757000000000000000e+03
2.975000000000000000e+03
4.660000000000000000e+02
1.719000000000000000e+03
5.522000000000000000e+03
7.923000000000000000e+03
4.777000000000000000e+03
7.428000000000000000e+03
8.390000000000000000e+02
1.033000000000000000e+03
2.691000000000000000e+03
3.705000000000000000e+03
2.246000000000000000e+03
2.177000000000000000e+03
6.709000000000000000e+03
1.202000000000000000e+03
7.776000000000000000e+03
2.900000000000000000e+02
1.443000000000000000e+03
8.530000000000000000e+03
7.765000000000000000e+03
7.713000000000000000e+03
7.524000000000000000e+03
7.244000000000000000e+03
3.389000000000000000e+03
1.878000000000000000e+03
6.080000000000000000e+03
6.150000000000000000e+03
7.921000000000000000e+03
1.050000000000000000e+02
1.417000000000000000e+03
7.426000000000000000e+03
4.280000000000000000e+03
8.523000000000000000e+03
5.639000000000000000e+03
8.259000000000000000e+03
1.063000000000000000e+03
3.872000000000000000e+03
8.066000000000000000e+03
5.026000000000000000e+03
7.746000000000000000e+03
1.228000000000000000e+03
9.701000000000000000e+03
8.146000000000000000e+03
2.189000000000000000e+03
3.884000000000000000e+03
3.760000000000000000e+03
4.284000000000000000e+03
2.929000000000000000e+03
7.682000000000000000e+03
7.060000000000000000e+02
7.931000000000000000e+03
5.719000000000000000e+03
9.466000000000000000e+03
3.394000000000000000e+03
1.492000000000000000e+03
1.545000000000000000e+03
8.210000000000000000e+03
6.303000000000000000e+03
4.333000000000000000e+03
7.952000000000000000e+03
5.009000000000000000e+03
9.920000000000000000e+02
9.891000000000000000e+03
2.582000000000000000e+03
8.332000000000000000e+03
9.945000000000000000e+03
8.807000000000000000e+03
7.837000000000000000e+03
5.100000000000000000e+03
7.336000000000000000e+03
4.700000000000000000e+03
1.500000000000000000e+02
1.597000000000000000e+03
1.429000000000000000e+03
8.504000000000000000e+03
4.405000000000000000e+03
9.472000000000000000e+03
8.593000000000000000e+03
8.762000000000000000e+03
4.163000000000000000e+03
3.200000000000000000e+02
7.680000000000000000e+03
5.262000000000000000e+03
4.158000000000000000e+03
6.692000000000000000e+03
3.041000000000000000e+03
6.422000000000000000e+03
9.089000000000000000e+03
1.040000000000000000e+02
8.557000000000000000e+03
8.182000000000000000e+03
8.479000000000000000e+03
9.362000000000000000e+03
2.857000000000000000e+03
9.079000000000000000e+03
9.170000000000000000e+03
7.243000000000000000e+03
4.846000000000000000e+03
4.436000000000000000e+03
6.507000000000000000e+03
6.228000000000000000e+03
2.443000000000000000e+03
4.134000000000000000e+03
4.454000000000000000e+03
8.101000000000000000e+03
3.006000000000000000e+03
9.250000000000000000e+03
4.947000000000000000e+03
6.436000000000000000e+03
3.483000000000000000e+03
4.040000000000000000e+03
5.220000000000000000e+03
2.310000000000000000e+03
5.300000000000000000e+02
2.934000000000000000e+03
9.571000000000000000e+03
1.853000000000000000e+03
3.240000000000000000e+03
2.361000000000000000e+03
6.740000000000000000e+03
8.930000000000000000e+02
2.497000000000000000e+03
8.906000000000000000e+03
7.462000000000000000e+03
7.707000000000000000e+03
2.000000000000000000e+01
6.627000000000000000e+03
5.868000000000000000e+03
