1.534000000000000000e+03
1.288000000000000000e+03
3.536000000000000000e+03
4.327000000000000000e+03
8.764000000000000000e+03
7.161000000000000000e+03
9.631000000000000000e+03
7.368000000000000000e+03
6.478000000000000000e+03
2.656000000000000000e+03
7.537000000000000000e+03
5.990000000000000000e+03
4.348000000000000000e+03
9.648000000000000000e+03
7.255000000000000000e+03
9.377000000000000000e+03
8.691000000000000000e+03
6.429000000000000000e+03
6.211000000000000000e+03
9.791000000000000000e+03
1.379000000000000000e+03
8.772000000000000000e+03
9.951000000000000000e+03
7.062000000000000000e+03
5.613000000000000000e+03
3.317000000000000000e+03
4.240000000000000000e+02
6.016000000000000000e+03
8.172000000000000000e+03
4.079000000000000000e+03
9.809000000000000000e+03
3.959000000000000000e+03
2.226000000000000000e+03
1.570000000000000000e+03
8.710000000000000000e+02
9.405000000000000000e+03
4.720000000000000000e+03
7.289000000000000000e+03
1.148000000000000000e+03
6.937000000000000000e+03
5.241000000000000000e+03
6.970000000000000000e+03
7.129000000000000000e+03
4.034000000000000000e+03
8.338000000000000000e+03
7.367000000000000000e+03
3.371000000000000000e+03
6.894000000000000000e+03
8.845000000000000000e+03
4.188000000000000000e+03
9.311000000000000000e+03
8.152000000000000000e+03
6.131000000000000000e+03
8.798000000000000000e+03
1.972000000000000000e+03
1.121000000000000000e+03
9.459000000000000000e+03
4.400000000000000000e+02
9.964000000000000000e+03
7.727000000000000000e+03
3.864000000000000000e+03
6.181000000000000000e+03
7.688000000000000000e+03
7.866000000000000000e+03
9.223000000000000000e+03
3.698000000000000000e+03
8.458000000000000000e+03
5.405000000000000000e+03
4.590000000000000000e+02
5.640000000000000000e+02
8.763000000000000000e+03
5.307000000000000000e+03
3.800000000000000000e+02
8.351000000000000000e+03
9.902000000000000000e+03
2.557000000000000000e+03
6.567000000000000000e+03
2.638000000000000000e+03
3.110000000000000000e+02
3.297000000000000000e+03
4.958000000000000000e+03
5.860000000000000000e+02
3.479000000000000000e+03
6.892000000000000000e+03
1.995000000000000000e+03
6.770000000000000000e+03
6.750000000000000000e+03
3.178000000000000000e+03
2.568000000000000000e+03
7.506000000000000000e+03
7.953000000000000000e+03
1.454000000000000000e+03
9.688000000000000000e+03
5.452000000000000000e+03
7.133000000000000000e+03
7.465000000000000000e+03
2.385000000000000000e+03
4.470000000000000000e+03
6.117000000000000000e+03
3.734000000000000000e+03
4.600000000000000000e+01
3.894000000000000000e+03
4.270000000000000000e+02
3.809000000000000000e+03
8.324000000000000000e+03
3.648000000000000000e+03
1.753000000000000000e+03
9.155000000000000000e+03
6.758000000000000000e+03
8.219000000000000000e+03
5.327000000000000000e+03
2.051000000000000000e+03
1.939000000000000000e+03
3.471000000000000000e+03
1.988000000000000000e+03
5.081000000000000000e+03
4.653000000000000000e+03
6.192000000000000000e+03
8.090000000000000000e+03
4.516000000000000000e+03
4.847000000000000000e+03
9.518000000000000000e+03
9.509000000000000000e+03
6.012000000000000000e+03
5.534000000000000000e+03
5.998000000000000000e+03
2.789000000000000000e+03
1.900000000000000000e+02
3.919000000000000000e+03
3.930000000000000000e+02
3.196000000000000000e+03
9.622000000000000000e+03
2.258000000000000000e+03
9.061000000000000000e+03
9.923000000000000000e+03
6.329000000000000000e+03
1.137000000000000000e+03
6.829000000000000000e+03
2.827000000000000000e+03
2.943000000000000000e+03
6.976000000000000000e+03
1.885000000000000000e+03
5.399000000000000000e+03
8.538000000000000000e+03
4.674000000000000000e+03
4.858000000000000000e+03
8.268000000000000000e+03
7.411000000000000000e+03
7.223000000000000000e+03
6.891000000000000000e+03
1.800000000000000000e+02
5.230000000000000000e+02
5.254000000000000000e+03
2.239000000000000000e+03
3.851000000000000000e+03
6.533000000000000000e+03
6.938000000000000000e+03
9.112000000000000000e+03
7.319000000000000000e+03
1.900000000000000000e+03
6.224000000000000000e+03
5.524000000000000000e+03
4.903000000000000000e+03
4.931000000000000000e+03
3.430000000000000000e+03
3.974000000000000000e+03
5.762000000000000000e+03
9.715000000000000000e+03
4.170000000000000000e+03
3.777000000000000000e+03
1.766000000000000000e+03
9.838000000000000000e+03
4.318000000000000000e+03
2.553000000000000000e+03
5.227000000000000000e+03
2.746000000000000000e+03
6.913000000000000000e+03
9.124000000000000000e+03
6.407000000000000000e+03
9.593000000000000000e+03
4.595000000000000000e+03
6.254000000000000000e+03
7.832000000000000000e+03
3.419000000000000000e+03
3.784000000000000000e+03
2.277000000000000000e+03
7.944000000000000000e+03
2.411000000000000000e+03
8.432000000000000000e+03
7.728000000000000000e+03
2.704000000000000000e+03
2.590000000000000000e+03
6.622000000000000000e+03
3.779000000000000000e+03
2.885000000000000000e+03
8.536000000000000000e+03
7.920000000000000000e+03
3.454000000000000000e+03
4.181000000000000000e+03
6.678000000000000000e+03
1.337000000000000000e+03
7.150000000000000000e+02
7.440000000000000000e+02
9.135000000000000000e+03
9.346000000000000000e+03
3.658000000000000000e+03
8.639000000000000000e+03
5.385000000000000000e+03
2.210000000000000000e+02
7.364000000000000000e+03
1.654000000000000000e+03
1.749000000000000000e+03
1.395000000000000000e+03
3.844000000000000000e+03
8.019000000000000000e+03
6.920000000000000000e+03
7.472000000000000000e+03
2.101000000000000000e+03
7.486000000000000000e+03
6.266000000000000000e+03
4.127000000000000000e+03
4.562000000000000000e+03
3.436000000000000000e+03
7.420000000000000000e+03
2.296000000000000000e+03
5.120000000000000000e+02
9.259000000000000000e+03
6.800000000000000000e+03
7.412000000000000000e+03
2.481000000000000000e+03
1.262000000000000000e+03
5.907000000000000000e+03
7.575000000000000000e+03
2.327000000000000000e+03
5.292000000000000000e+03
7.135000000000000000e+03
2.940000000000000000e+03
5.667000000000000000e+03
3.661000000000000000e+03
1.518000000000000000e+03
9.369000000000000000e+03
4.710000000000000000e+03
8.730000000000000000e+02
8.704000000000000000e+03
3.327000000000000000e+03
5.308000000000000000e+03
5.849000000000000000e+03
9.832000000000000000e+03
3.142000000000000000e+03
9.595000000000000000e+03
7.249000000000000000e+03
7.291000000000000000e+03
6.906000000000000000e+03
1.585000000000000000e+03
2.200000000000000000e+03
7.528000000000000000e+03
6.900000000000000000e+02
9.613000000000000000e+03
4.905000000000000000e+03
3.030000000000000000e+02
3.986000000000000000e+03
9.954000000000000000e+03
2.729000000000000000e+03
9.900000000000000000e+02
9.716000000000000000e+03
1.817000000000000000e+03
1.546000000000000000e+03
7.840000000000000000e+03
3.060000000000000000e+02
1.860000000000000000e+02
7.886000000000000000e+03
3.375000000000000000e+03
1.711000000000000000e+03
8.615000000000000000e+03
8.973000000000000000e+03
1.065000000000000000e+03
2.462000000000000000e+03
2.370000000000000000e+02
6.581000000000000000e+03
7.266000000000000000e+03
1.031000000000000000e+03
9.696000000000000000e+03
4.705000000000000000e+03
8.800000000000000000e+03
9.476000000000000000e+03
1.341000000000000000e+03
9.577000000000000000e+03
6.423000000000000000e+03
1.207000000000000000e+03
7.922000000000000000e+03
9.477000000000000000e+03
3.310000000000000000e+02
2.977000000000000000e+03
4.950000000000000000e+03
6.635000000000000000e+03
4.666000000000000000e+03
3.578000000000000000e+03
3.811000000000000000e+03
4.180000000000000000e+03
1.345000000000000000e+03
3.104000000000000000e+03
8.706000000000000000e+03
7.257000000000000000e+03
2.300000000000000000e+02
1.069000000000000000e+03
7.829000000000000000e+03
1.923000000000000000e+03
3.409000000000000000e+03
8.277000000000000000e+03
4.256000000000000000e+03
6.646000000000000000e+03
9.820000000000000000e+02
9.828000000000000000e+03
5.074000000000000000e+03
8.607000000000000000e+03
4.366000000000000000e+03
1.591000000000000000e+03
7.075000000000000000e+03
7.993000000000000000e+03
3.738000000000000000e+03
6.857000000000000000e+03
6.722000000000000000e+03
2.424000000000000000e+03
3.131000000000000000e+03
4.940000000000000000e+03
1.208000000000000000e+03
9.305000000000000000e+03
9.742000000000000000e+03
4.714000000000000000e+03
5.780000000000000000e+02
4.244000000000000000e+03
1.367000000000000000e+03
6.290000000000000000e+03
2.985000000000000000e+03
8.957000000000000000e+03
2.914000000000000000e+03
5.329000000000000000e+03
2.799000000000000000e+03
5.766000000000000000e+03
8.430000000000000000e+03
8.032000000000000000e+03
9.229000000000000000e+03
6.501000000000000000e+03
3.943000000000000000e+03
5.146000000000000000e+03
4.397000000000000000e+03
2.533000000000000000e+03
7.211000000000000000e+03
8.010000000000000000e+02
9.430000000000000000e+03
2.450000000000000000e+03
5.330000000000000000e+03
2.284000000000000000e+03
2.441000000000000000e+03
6.918000000000000000e+03
2.992000000000000000e+03
3.094000000000000000e+03
3.407000000000000000e+03
8.026000000000000000e+03
3.953000000000000000e+03
4.109000000000000000e+03
9.905000000000000000e+03
9.083000000000000000e+03
3.108000000000000000e+03
5.623000000000000000e+03
9.370000000000000000e+03
5.168000000000000000e+03
4.276000000000000000e+03
5.973000000000000000e+03
9.914000000000000000e+03
9.227000000000000000e+03
3.082000000000000000e+03
3.146000000000000000e+03
3.138000000000000000e+03
1.284000000000000000e+03
1.803000000000000000e+03
1.150000000000000000e+03
5.328000000000000000e+03
8.354000000000000000e+03
4.097000000000000000e+03
6.085000000000000000e+03
9.163000000000000000e+03
6.440000000000000000e+03
6.870000000000000000e+02
7.800000000000000000e+03
3.896000000000000000e+03
6.160000000000000000e+03
3.824000000000000000e+03
7.311000000000000000e+03
3.045000000000000000e+03
6.570000000000000000e+03
9.390000000000000000e+03
3.493000000000000000e+03
4.020000000000000000e+02
4.613000000000000000e+03
2.991000000000000000e+03
3.000000000000000000e+01
6.575000000000000000e+03
5.336000000000000000e+03
5.690000000000000000e+02
5.426000000000000000e+03
8.222000000000000000e+03
9.738000000000000000e+03
8.755000000000000000e+03
1.111000000000000000e+03
8.312000000000000000e+03
6.300000000000000000e+03
4.842000000000000000e+03
3.282000000000000000e+03
3.076000000000000000e+03
1.862000000000000000e+03
3.607000000000000000e+03
5.986000000000000000e+03
8.276000000000000000e+03
7.653000000000000000e+03
7.423000000000000000e+03
6.941000000000000000e+03
5.348000000000000000e+03
1.427000000000000000e+03
2.336000000000000000e+03
1.465000000000000000e+03
5.393000000000000000e+03
6.552000000000000000e+03
6.323000000000000000e+03
9.471000000000000000e+03
8.092000000000000000e+03
2.165000000000000000e+03
4.475000000000000000e+03
2.120000000000000000e+03
2.074000000000000000e+03
6.696000000000000000e+03
8.270000000000000000e+02
3.341000000000000000e+03
1.057000000000000000e+03
7.574000000000000000e+03
2.499000000000000000e+03
9.625000000000000000e+03
6.205000000000000000e+03
8.264000000000000000e+03
4.911000000000000000e+03
1.679000000000000000e+03
6.983000000000000000e+03
2.514000000000000000e+03
4.396000000000000000e+03
3.017000000000000000e+03
8.400000000000000000e+03
4.268000000000000000e+03
5.677000000000000000e+03
4.465000000000000000e+03
5.832000000000000000e+03
7.972000000000000000e+03
5.082000000000000000e+03
6.737000000000000000e+03
7.818000000000000000e+03
4.024000000000000000e+03
1.938000000000000000e+03
8.832000000000000000e+03
9.672000000000000000e+03
8.329000000000000000e+03
4.772000000000000000e+03
7.726000000000000000e+03
8.577000000000000000e+03
7.332000000000000000e+03
4.652000000000000000e+03
4.976000000000000000e+03
8.775000000000000000e+03
7.391000000000000000e+03
4.042000000000000000e+03
7.751000000000000000e+03
7.510000000000000000e+03
2.256000000000000000e+03
6.529000000000000000e+03
2.489000000000000000e+03
4.827000000000000000e+03
5.698000000000000000e+03
9.541000000000000000e+03
1.163000000000000000e+03
2.675000000000000000e+03
3.357000000000000000e+03
1.786000000000000000e+03
5.525000000000000000e+03
9.104000000000000000e+03
1.178000000000000000e+03
1.419000000000000000e+03
5.676000000000000000e+03
5.063000000000000000e+03
5.175000000000000000e+03
9.764000000000000000e+03
4.916000000000000000e+03
8.709000000000000000e+03
4.291000000000000000e+03
1.160000000000000000e+02
9.193000000000000000e+03
8.754000000000000000e+03
7.102000000000000000e+03
3.024000000000000000e+03
8.626000000000000000e+03
8.947000000000000000e+03
3.726000000000000000e+03
4.229000000000000000e+03
8.122000000000000000e+03
3.220000000000000000e+03
8.710000000000000000e+03
6.333000000000000000e+03
2.653000000000000000e+03
2.515000000000000000e+03
2.540000000000000000e+03
5.111000000000000000e+03
3.877000000000000000e+03
7.352000000000000000e+03
9.841000000000000000e+03
5.090000000000000000e+02
2.768000000000000000e+03
2.556000000000000000e+03
1.340000000000000000e+03
2.573000000000000000e+03
1.331000000000000000e+03
3.952000000000000000e+03
2.073000000000000000e+03
4.355000000000000000e+03
4.728000000000000000e+03
3.806000000000000000e+03
1.460000000000000000e+03
9.510000000000000000e+02
5.206000000000000000e+03
7.643000000000000000e+03
2.686000000000000000e+03
3.345000000000000000e+03
4.059000000000000000e+03
3.928000000000000000e+03
3.095000000000000000e+03
3.100000000000000000e+03
4.809000000000000000e+03
5.194000000000000000e+03
9.290000000000000000e+03
5.735000000000000000e+03
1.113000000000000000e+03
1.285000000000000000e+03
5.410000000000000000e+03
8.386000000000000000e+03
9.786000000000000000e+03
8.643000000000000000e+03
3.636000000000000000e+03
8.348000000000000000e+03
2.224000000000000000e+03
3.826000000000000000e+03
3.321000000000000000e+03
5.020000000000000000e+02
7.294000000000000000e+03
5.020000000000000000e+03
1.168000000000000000e+03
4.108000000000000000e+03
8.788000000000000000e+03
1.405000000000000000e+03
3.520000000000000000e+02
6.142000000000000000e+03
6.598000000000000000e+03
6.548000000000000000e+03
4.152000000000000000e+03
1.653000000000000000e+03
7.067000000000000000e+03
5.229000000000000000e+03
9.626000000000000000e+03
2.001000000000000000e+03
1.879000000000000000e+03
9.770000000000000000e+03
1.393000000000000000e+03
4.120000000000000000e+02
8.214000000000000000e+03
1.447000000000000000e+03
7.808000000000000000e+03
3.797000000000000000e+03
5.223000000000000000e+03
3.414000000000000000e+03
6.920000000000000000e+02
2.727000000000000000e+03
1.471000000000000000e+03
4.323000000000000000e+03
8.783000000000000000e+03
8.813000000000000000e+03
2.689000000000000000e+03
7.948000000000000000e+03
2.810000000000000000e+03
5.913000000000000000e+03
7.918000000000000000e+03
3.994000000000000000e+03
5.300000000000000000e+01
9.700000000000000000e+02
3.113000000000000000e+03
3.898000000000000000e+03
9.465000000000000000e+03
8.038000000000000000e+03
4.596000000000000000e+03
6.886000000000000000e+03
4.236000000000000000e+03
5.706000000000000000e+03
5.964000000000000000e+03
3.022000000000000000e+03
2.247000000000000000e+03
3.595000000000000000e+03
9.058000000000000000e+03
4.464000000000000000e+03
7.585000000000000000e+03
8.478000000000000000e+03
6.814000000000000000e+03
7.058000000000000000e+03
5.940000000000000000e+02
4.416000000000000000e+03
2.118000000000000000e+03
2.135000000000000000e+03
3.665000000000000000e+03
9.251000000000000000e+03
9.976000000000000000e+03
4.037000000000000000e+03
8.668000000000000000e+03
6.800000000000000000e+02
7.305000000000000000e+03
1.362000000000000000e+03
7.441000000000000000e+03
6.479000000000000000e+03
5.296000000000000000e+03
5.884000000000000000e+03
5.218000000000000000e+03
7.051000000000000000e+03
5.378000000000000000e+03
2.738000000000000000e+03
3.447000000000000000e+03
1.970000000000000000e+02
6.301000000000000000e+03
2.562000000000000000e+03
7.705000000000000000e+03
1.857000000000000000e+03
4.051000000000000000e+03
6.669000000000000000e+03
7.210000000000000000e+03
1.858000000000000000e+03
6.399000000000000000e+03
8.542000000000000000e+03
6.717000000000000000e+03
2.466000000000000000e+03
2.170000000000000000e+02
8.024000000000000000e+03
4.838000000000000000e+03
2.352000000000000000e+03
7.914000000000000000e+03
8.041000000000000000e+03
3.931000000000000000e+03
6.824000000000000000e+03
8.349000000000000000e+03
1.733000000000000000e+03
2.933000000000000000e+03
3.908000000000000000e+03
6.031000000000000000e+03
3.748000000000000000e+03
1.420000000000000000e+03
5.963000000000000000e+03
2.782000000000000000e+03
3.961000000000000000e+03
7.743000000000000000e+03
4.239000000000000000e+03
3.886000000000000000e+03
1.990000000000000000e+03
2.047000000000000000e+03
5.788000000000000000e+03
7.017000000000000000e+03
6.029000000000000000e+03
3.978000000000000000e+03
2.535000000000000000e+03
3.680000000000000000e+02
1.199000000000000000e+03
7.758000000000000000e+03
6.650000000000000000e+02
9.842000000000000000e+03
9.100000000000000000e+01
8.789000000000000000e+03
8.148000000000000000e+03
3.254000000000000000e+03
6.591000000000000000e+03
5.948000000000000000e+03
4.570000000000000000e+02
2.791000000000000000e+03
3.749000000000000000e+03
5.161000000000000000e+03
3.424000000000000000e+03
6.068000000000000000e+03
2.454000000000000000e+03
7.761000000000000000e+03
7.970000000000000000e+03
2.766000000000000000e+03
7.843000000000000000e+03
4.125000000000000000e+03
8.140000000000000000e+02
8.622000000000000000e+03
1.818000000000000000e+03
3.827000000000000000e+03
1.602000000000000000e+03
9.426000000000000000e+03
4.346000000000000000e+03
3.539000000000000000e+03
6.782000000000000000e+03
7.978000000000000000e+03
2.442000000000000000e+03
1.750000000000000000e+02
5.326000000000000000e+03
2.220000000000000000e+03
3.993000000000000000e+03
6.762000000000000000e+03
1.975000000000000000e+03
2.167000000000000000e+03
8.519000000000000000e+03
8.188000000000000000e+03
3.604000000000000000e+03
7.260000000000000000e+02
7.754000000000000000e+03
9.652000000000000000e+03
5.512000000000000000e+03
2.844000000000000000e+03
8.008000000000000000e+03
7.677000000000000000e+03
9.067000000000000000e+03
4.107000000000000000e+03
6.858000000000000000e+03
2.365000000000000000e+03
7.197000000000000000e+03
1.226000000000000000e+03
4.767000000000000000e+03
7.149000000000000000e+03
8.883000000000000000e+03
9.618000000000000000e+03
5.365000000000000000e+03
2.059000000000000000e+03
7.861000000000000000e+03
5.959000000000000000e+03
4.936000000000000000e+03
2.285000000000000000e+03
4.423000000000000000e+03
8.620000000000000000e+03
7.744000000000000000e+03
8.654000000000000000e+03
6.653000000000000000e+03
5.048000000000000000e+03
2.888000000000000000e+03
1.241000000000000000e+03
7.645000000000000000e+03
7.111000000000000000e+03
3.084000000000000000e+03
3.498000000000000000e+03
8.173000000000000000e+03
9.721000000000000000e+03
4.064000000000000000e+03
8.421000000000000000e+03
7.276000000000000000e+03
9.212000000000000000e+03
7.915000000000000000e+03
9.248000000000000000e+03
7.614000000000000000e+03
1.581000000000000000e+03
6.306000000000000000e+03
7.584000000000000000e+03
6.434000000000000000e+03
3.292000000000000000e+03
2.874000000000000000e+03
4.130000000000000000e+03
2.463000000000000000e+03
9.868000000000000000e+03
3.303000000000000000e+03
9.870000000000000000e+02
5.500000000000000000e+02
4.578000000000000000e+03
2.340000000000000000e+02
1.592000000000000000e+03
9.586000000000000000e+03
5.121000000000000000e+03
4.820000000000000000e+02
7.711000000000000000e+03
9.543000000000000000e+03
5.077000000000000000e+03
3.616000000000000000e+03
6.815000000000000000e+03
5.861000000000000000e+03
4.680000000000000000e+02
4.865000000000000000e+03
5.903000000000000000e+03
8.786000000000000000e+03
5.064000000000000000e+03
3.594000000000000000e+03
3.352000000000000000e+03
0.000000000000000000e+00
7.538000000000000000e+03
2.666000000000000000e+03
1.705000000000000000e+03
4.130000000000000000e+02
3.400000000000000000e+03
9.640000000000000000e+03
3.296000000000000000e+03
9.608000000000000000e+03
7.267000000000000000e+03
3.418000000000000000e+03
5.657000000000000000e+03
6.503000000000000000e+03
6.154000000000000000e+03
1.717000000000000000e+03
5.803000000000000000e+03
4.825000000000000000e+03
6.631000000000000000e+03
5.118000000000000000e+03
3.186000000000000000e+03
3.380000000000000000e+02
7.921000000000000000e+03
3.389000000000000000e+03
4.496000000000000000e+03
7.923000000000000000e+03
3.224000000000000000e+03
8.640000000000000000e+02
4.411000000000000000e+03
1.425000000000000000e+03
2.949000000000000000e+03
9.360000000000000000e+02
2.219000000000000000e+03
1.364000000000000000e+03
3.002000000000000000e+03
1.259000000000000000e+03
9.564000000000000000e+03
9.934000000000000000e+03
2.272000000000000000e+03
1.663000000000000000e+03
3.707000000000000000e+03
2.744000000000000000e+03
5.204000000000000000e+03
1.719000000000000000e+03
6.403000000000000000e+03
6.238000000000000000e+03
1.541000000000000000e+03
6.640000000000000000e+02
8.649000000000000000e+03
3.563000000000000000e+03
6.153000000000000000e+03
4.455000000000000000e+03
9.980000000000000000e+02
8.009000000000000000e+03
2.900000000000000000e+02
6.930000000000000000e+02
8.390000000000000000e+02
8.075000000000000000e+03
3.868000000000000000e+03
9.092000000000000000e+03
9.967000000000000000e+03
9.780000000000000000e+03
1.813000000000000000e+03
6.935000000000000000e+03
3.319000000000000000e+03
4.513000000000000000e+03
3.279000000000000000e+03
9.116000000000000000e+03
3.829000000000000000e+03
1.573000000000000000e+03
8.440000000000000000e+03
9.619000000000000000e+03
9.807000000000000000e+03
7.524000000000000000e+03
4.756000000000000000e+03
2.680000000000000000e+02
1.149000000000000000e+03
2.297000000000000000e+03
4.434000000000000000e+03
3.206000000000000000e+03
6.765000000000000000e+03
1.560000000000000000e+03
2.121000000000000000e+03
4.518000000000000000e+03
2.660000000000000000e+02
4.986000000000000000e+03
1.810000000000000000e+02
7.971000000000000000e+03
8.872000000000000000e+03
1.524000000000000000e+03
6.898000000000000000e+03
4.740000000000000000e+02
4.376000000000000000e+03
8.618000000000000000e+03
6.735000000000000000e+03
5.648000000000000000e+03
5.656000000000000000e+03
2.650000000000000000e+03
5.420000000000000000e+02
6.725000000000000000e+03
1.675000000000000000e+03
1.823000000000000000e+03
1.756000000000000000e+03
7.845000000000000000e+03
2.600000000000000000e+03
1.669000000000000000e+03
3.910000000000000000e+02
9.917000000000000000e+03
6.327000000000000000e+03
1.200000000000000000e+03
6.024000000000000000e+03
2.849000000000000000e+03
2.739000000000000000e+03
7.745000000000000000e+03
2.740000000000000000e+03
9.973000000000000000e+03
1.183000000000000000e+03
1.045000000000000000e+03
2.323000000000000000e+03
9.142000000000000000e+03
7.060000000000000000e+02
5.050000000000000000e+03
6.422000000000000000e+03
3.507000000000000000e+03
2.341000000000000000e+03
2.089000000000000000e+03
6.081000000000000000e+03
7.730000000000000000e+02
1.217000000000000000e+03
7.243000000000000000e+03
2.140000000000000000e+02
6.411000000000000000e+03
1.250000000000000000e+02
7.641000000000000000e+03
7.095000000000000000e+03
5.289000000000000000e+03
3.147000000000000000e+03
9.540000000000000000e+02
1.881000000000000000e+03
6.780000000000000000e+02
2.966000000000000000e+03
8.839000000000000000e+03
9.638000000000000000e+03
6.124000000000000000e+03
4.369000000000000000e+03
4.333000000000000000e+03
6.827000000000000000e+03
6.508000000000000000e+03
2.189000000000000000e+03
6.592000000000000000e+03
2.263000000000000000e+03
4.424000000000000000e+03
7.384000000000000000e+03
5.010000000000000000e+02
5.491000000000000000e+03
9.000000000000000000e+00
2.730000000000000000e+02
1.327000000000000000e+03
4.129000000000000000e+03
2.694000000000000000e+03
3.360000000000000000e+02
1.853000000000000000e+03
4.735000000000000000e+03
8.751000000000000000e+03
2.692000000000000000e+03
1.452000000000000000e+03
6.656000000000000000e+03
6.916000000000000000e+03
6.512000000000000000e+03
8.259000000000000000e+03
4.553000000000000000e+03
7.515000000000000000e+03
1.200000000000000000e+01
6.394000000000000000e+03
5.757000000000000000e+03
2.760000000000000000e+03
2.973000000000000000e+03
3.597000000000000000e+03
8.663000000000000000e+03
6.221000000000000000e+03
4.633000000000000000e+03
7.199000000000000000e+03
9.610000000000000000e+03
1.304000000000000000e+03
7.697000000000000000e+03
3.869000000000000000e+03
2.181000000000000000e+03
7.652000000000000000e+03
9.170000000000000000e+03
1.449000000000000000e+03
1.627000000000000000e+03
9.990000000000000000e+02
5.447000000000000000e+03
8.044000000000000000e+03
3.840000000000000000e+03
7.322000000000000000e+03
8.210000000000000000e+03
4.015000000000000000e+03
4.616000000000000000e+03
9.733000000000000000e+03
7.464000000000000000e+03
2.964000000000000000e+03
3.478000000000000000e+03
4.846000000000000000e+03
4.570000000000000000e+03
1.596000000000000000e+03
4.692000000000000000e+03
3.503000000000000000e+03
1.040000000000000000e+02
4.710000000000000000e+02
7.580000000000000000e+02
6.682000000000000000e+03
8.623000000000000000e+03
9.254000000000000000e+03
