3.768000000000000000e+03
2.449000000000000000e+03
6.259000000000000000e+03
5.684000000000000000e+03
2.127000000000000000e+03
2.817000000000000000e+03
9.367000000000000000e+03
6.429000000000000000e+03
4.614000000000000000e+03
7.723000000000000000e+03
9.800000000000000000e+03
7.261000000000000000e+03
3.706000000000000000e+03
3.179000000000000000e+03
4.720000000000000000e+03
2.060000000000000000e+03
1.692000000000000000e+03
7.500000000000000000e+02
9.801000000000000000e+03
1.843000000000000000e+03
7.255000000000000000e+03
6.701000000000000000e+03
7.221000000000000000e+03
2.209000000000000000e+03
3.608000000000000000e+03
8.992000000000000000e+03
2.304000000000000000e+03
4.757000000000000000e+03
3.458000000000000000e+03
2.970000000000000000e+02
5.860000000000000000e+02
5.459000000000000000e+03
1.246000000000000000e+03
1.047000000000000000e+03
9.158000000000000000e+03
3.043000000000000000e+03
6.163000000000000000e+03
2.932000000000000000e+03
9.761000000000000000e+03
2.619000000000000000e+03
8.425000000000000000e+03
9.239000000000000000e+03
9.633000000000000000e+03
5.870000000000000000e+03
3.867000000000000000e+03
7.516000000000000000e+03
3.020000000000000000e+03
9.687000000000000000e+03
7.210000000000000000e+02
6.200000000000000000e+02
3.989000000000000000e+03
5.554000000000000000e+03
9.221000000000000000e+03
7.693000000000000000e+03
7.987000000000000000e+03
3.849000000000000000e+03
6.590000000000000000e+03
6.287000000000000000e+03
2.631000000000000000e+03
6.114000000000000000e+03
1.408000000000000000e+03
3.677000000000000000e+03
5.257000000000000000e+03
1.191000000000000000e+03
6.643000000000000000e+03
5.593000000000000000e+03
5.250000000000000000e+02
6.131000000000000000e+03
8.587000000000000000e+03
3.439000000000000000e+03
1.487000000000000000e+03
7.049000000000000000e+03
9.325000000000000000e+03
5.006000000000000000e+03
2.777000000000000000e+03
6.818000000000000000e+03
2.842000000000000000e+03
5.810000000000000000e+02
9.964000000000000000e+03
2.067000000000000000e+03
4.611000000000000000e+03
7.052000000000000000e+03
9.542000000000000000e+03
1.445000000000000000e+03
5.124000000000000000e+03
1.084000000000000000e+03
4.188000000000000000e+03
1.223000000000000000e+03
2.106000000000000000e+03
8.450000000000000000e+02
4.650000000000000000e+03
4.240000000000000000e+02
5.970000000000000000e+02
2.226000000000000000e+03
8.881000000000000000e+03
7.830000000000000000e+03
6.351000000000000000e+03
6.892000000000000000e+03
1.570000000000000000e+02
4.080000000000000000e+03
8.004000000000000000e+03
6.604000000000000000e+03
8.568000000000000000e+03
7.661000000000000000e+03
9.670000000000000000e+02
1.070000000000000000e+02
6.969000000000000000e+03
2.416000000000000000e+03
3.353000000000000000e+03
2.789000000000000000e+03
9.190000000000000000e+03
4.733000000000000000e+03
1.008000000000000000e+03
5.550000000000000000e+03
5.651000000000000000e+03
7.900000000000000000e+03
6.438000000000000000e+03
1.318000000000000000e+03
7.405000000000000000e+03
4.010000000000000000e+03
4.524000000000000000e+03
2.900000000000000000e+01
4.646000000000000000e+03
4.754000000000000000e+03
6.310000000000000000e+03
9.290000000000000000e+02
3.779000000000000000e+03
4.764000000000000000e+03
1.139000000000000000e+03
8.900000000000000000e+01
9.121000000000000000e+03
4.708000000000000000e+03
5.091000000000000000e+03
7.856000000000000000e+03
4.538000000000000000e+03
4.871000000000000000e+03
6.005000000000000000e+03
2.315000000000000000e+03
6.502000000000000000e+03
6.338000000000000000e+03
2.013000000000000000e+03
1.424000000000000000e+03
2.355000000000000000e+03
1.785000000000000000e+03
5.370000000000000000e+02
1.667000000000000000e+03
5.014000000000000000e+03
6.329000000000000000e+03
8.887000000000000000e+03
8.980000000000000000e+03
6.320000000000000000e+03
8.488000000000000000e+03
8.586000000000000000e+03
9.017000000000000000e+03
2.982000000000000000e+03
5.840000000000000000e+02
9.143000000000000000e+03
9.200000000000000000e+03
1.213000000000000000e+03
7.911000000000000000e+03
6.545000000000000000e+03
9.480000000000000000e+02
2.746000000000000000e+03
5.490000000000000000e+03
5.848000000000000000e+03
9.025000000000000000e+03
8.360000000000000000e+02
7.582000000000000000e+03
2.366000000000000000e+03
5.872000000000000000e+03
3.281000000000000000e+03
3.230000000000000000e+03
3.099000000000000000e+03
1.633000000000000000e+03
2.418000000000000000e+03
1.027000000000000000e+03
9.689000000000000000e+03
6.961000000000000000e+03
7.591000000000000000e+03
8.672000000000000000e+03
6.891000000000000000e+03
4.147000000000000000e+03
2.239000000000000000e+03
4.025000000000000000e+03
6.652000000000000000e+03
1.643000000000000000e+03
7.048000000000000000e+03
6.162000000000000000e+03
8.995000000000000000e+03
6.789000000000000000e+03
6.419000000000000000e+03
3.026000000000000000e+03
9.120000000000000000e+03
1.868000000000000000e+03
8.166000000000000000e+03
8.720000000000000000e+03
2.626000000000000000e+03
7.638000000000000000e+03
5.290000000000000000e+02
3.562000000000000000e+03
1.227000000000000000e+03
7.492000000000000000e+03
5.863000000000000000e+03
5.167000000000000000e+03
7.627000000000000000e+03
9.768000000000000000e+03
1.174000000000000000e+03
7.147000000000000000e+03
7.539000000000000000e+03
2.098000000000000000e+03
9.874000000000000000e+03
8.460000000000000000e+03
2.360000000000000000e+02
5.105000000000000000e+03
6.797000000000000000e+03
7.440000000000000000e+02
4.180000000000000000e+03
1.036000000000000000e+03
9.700000000000000000e+03
9.442000000000000000e+03
8.139000000000000000e+03
5.130000000000000000e+02
8.161000000000000000e+03
1.811000000000000000e+03
2.838000000000000000e+03
1.016000000000000000e+03
1.984000000000000000e+03
8.908000000000000000e+03
9.569000000000000000e+03
3.630000000000000000e+02
3.986000000000000000e+03
5.562000000000000000e+03
9.686000000000000000e+03
4.594000000000000000e+03
8.036000000000000000e+03
8.165000000000000000e+03
6.274000000000000000e+03
5.157000000000000000e+03
1.890000000000000000e+03
9.446000000000000000e+03
9.913000000000000000e+03
6.912000000000000000e+03
3.489000000000000000e+03
9.954000000000000000e+03
3.823000000000000000e+03
2.112000000000000000e+03
8.693000000000000000e+03
3.310000000000000000e+02
4.920000000000000000e+02
7.483000000000000000e+03
8.323000000000000000e+03
3.773000000000000000e+03
3.668000000000000000e+03
2.269000000000000000e+03
3.021000000000000000e+03
3.675000000000000000e+03
8.592000000000000000e+03
3.800000000000000000e+01
4.173000000000000000e+03
2.327000000000000000e+03
9.470000000000000000e+03
1.000000000000000000e+00
1.207000000000000000e+03
3.004000000000000000e+03
9.048000000000000000e+03
8.880000000000000000e+02
2.254000000000000000e+03
1.720000000000000000e+02
8.498000000000000000e+03
1.485000000000000000e+03
3.870000000000000000e+02
9.225000000000000000e+03
2.800000000000000000e+02
5.626000000000000000e+03
2.596000000000000000e+03
5.507000000000000000e+03
3.142000000000000000e+03
4.995000000000000000e+03
9.740000000000000000e+02
4.985000000000000000e+03
8.238000000000000000e+03
1.251000000000000000e+03
4.506000000000000000e+03
4.275000000000000000e+03
6.844000000000000000e+03
7.074000000000000000e+03
4.250000000000000000e+03
5.733000000000000000e+03
5.475000000000000000e+03
8.615000000000000000e+03
6.337000000000000000e+03
7.192000000000000000e+03
9.900000000000000000e+02
9.849000000000000000e+03
7.310000000000000000e+02
1.224000000000000000e+03
7.205000000000000000e+03
6.732000000000000000e+03
2.085000000000000000e+03
4.656000000000000000e+03
7.905000000000000000e+03
7.104000000000000000e+03
3.430000000000000000e+02
4.904000000000000000e+03
7.272000000000000000e+03
7.374000000000000000e+03
6.280000000000000000e+02
3.486000000000000000e+03
8.940000000000000000e+02
1.828000000000000000e+03
7.981000000000000000e+03
3.090000000000000000e+02
6.322000000000000000e+03
8.970000000000000000e+03
6.045000000000000000e+03
8.263000000000000000e+03
5.635000000000000000e+03
2.566000000000000000e+03
1.804000000000000000e+03
6.453000000000000000e+03
9.468000000000000000e+03
3.717000000000000000e+03
3.962000000000000000e+03
9.797000000000000000e+03
4.276000000000000000e+03
8.490000000000000000e+02
9.762000000000000000e+03
8.700000000000000000e+01
6.636000000000000000e+03
6.575000000000000000e+03
9.986000000000000000e+03
4.004000000000000000e+03
9.219000000000000000e+03
9.975000000000000000e+03
8.354000000000000000e+03
3.015000000000000000e+03
5.358000000000000000e+03
9.559000000000000000e+03
2.000000000000000000e+02
4.640000000000000000e+02
8.026000000000000000e+03
3.738000000000000000e+03
8.032000000000000000e+03
1.928000000000000000e+03
4.270000000000000000e+03
4.541000000000000000e+03
7.858000000000000000e+03
8.870000000000000000e+02
9.680000000000000000e+03
5.815000000000000000e+03
3.825000000000000000e+03
3.230000000000000000e+02
1.298000000000000000e+03
8.060000000000000000e+03
7.639000000000000000e+03
2.623000000000000000e+03
9.431000000000000000e+03
2.450000000000000000e+02
8.703000000000000000e+03
4.097000000000000000e+03
2.639000000000000000e+03
5.935000000000000000e+03
9.063000000000000000e+03
5.623000000000000000e+03
8.328000000000000000e+03
4.581000000000000000e+03
1.420000000000000000e+02
4.537000000000000000e+03
7.257000000000000000e+03
5.690000000000000000e+02
4.420000000000000000e+02
9.561000000000000000e+03
8.570000000000000000e+03
5.804000000000000000e+03
7.530000000000000000e+02
7.610000000000000000e+03
1.239000000000000000e+03
6.365000000000000000e+03
2.288000000000000000e+03
4.244000000000000000e+03
5.596000000000000000e+03
6.504000000000000000e+03
6.494000000000000000e+03
7.551000000000000000e+03
2.632000000000000000e+03
7.554000000000000000e+03
8.206000000000000000e+03
9.474000000000000000e+03
2.681000000000000000e+03
2.080000000000000000e+03
4.393000000000000000e+03
3.690000000000000000e+02
2.450000000000000000e+03
3.045000000000000000e+03
2.991000000000000000e+03
3.193000000000000000e+03
1.789000000000000000e+03
9.238000000000000000e+03
8.290000000000000000e+03
9.742000000000000000e+03
6.582000000000000000e+03
5.027000000000000000e+03
6.138000000000000000e+03
3.000000000000000000e+02
8.527000000000000000e+03
5.256000000000000000e+03
4.721000000000000000e+03
1.145000000000000000e+03
6.169000000000000000e+03
1.147000000000000000e+03
6.980000000000000000e+02
1.270000000000000000e+03
5.082000000000000000e+03
7.402000000000000000e+03
7.360000000000000000e+02
2.012000000000000000e+03
3.137000000000000000e+03
9.792000000000000000e+03
4.772000000000000000e+03
7.338000000000000000e+03
3.370000000000000000e+03
9.728000000000000000e+03
8.369000000000000000e+03
6.924000000000000000e+03
6.547000000000000000e+03
4.768000000000000000e+03
8.941000000000000000e+03
9.565000000000000000e+03
2.447000000000000000e+03
2.330000000000000000e+03
6.865000000000000000e+03
4.221000000000000000e+03
3.017000000000000000e+03
5.631000000000000000e+03
1.111000000000000000e+03
2.804000000000000000e+03
1.557000000000000000e+03
6.915000000000000000e+03
5.101000000000000000e+03
9.347000000000000000e+03
9.484000000000000000e+03
7.102000000000000000e+03
1.427000000000000000e+03
1.023000000000000000e+03
6.974000000000000000e+03
4.826000000000000000e+03
1.963000000000000000e+03
9.525000000000000000e+03
2.120000000000000000e+03
5.169000000000000000e+03
3.534000000000000000e+03
6.859000000000000000e+03
2.613000000000000000e+03
9.381000000000000000e+03
3.819000000000000000e+03
9.735000000000000000e+03
5.677000000000000000e+03
3.700000000000000000e+03
9.927000000000000000e+03
7.621000000000000000e+03
2.394000000000000000e+03
9.276000000000000000e+03
9.766000000000000000e+03
1.864000000000000000e+03
6.195000000000000000e+03
9.232000000000000000e+03
3.684000000000000000e+03
7.520000000000000000e+02
6.205000000000000000e+03
9.020000000000000000e+02
1.150000000000000000e+02
9.764000000000000000e+03
2.336000000000000000e+03
6.220000000000000000e+03
7.251000000000000000e+03
9.152000000000000000e+03
5.175000000000000000e+03
4.223000000000000000e+03
5.600000000000000000e+01
2.124000000000000000e+03
2.094000000000000000e+03
1.163000000000000000e+03
8.178000000000000000e+03
8.685000000000000000e+03
5.792000000000000000e+03
4.379000000000000000e+03
8.810000000000000000e+02
8.092000000000000000e+03
2.165000000000000000e+03
7.169000000000000000e+03
7.341000000000000000e+03
5.076000000000000000e+03
5.986000000000000000e+03
7.045000000000000000e+03
8.030000000000000000e+02
9.099000000000000000e+03
5.946000000000000000e+03
9.871000000000000000e+03
4.609000000000000000e+03
7.033000000000000000e+03
7.958000000000000000e+03
8.507000000000000000e+03
6.155000000000000000e+03
2.689000000000000000e+03
9.228000000000000000e+03
9.427000000000000000e+03
6.977000000000000000e+03
9.590000000000000000e+03
2.611000000000000000e+03
7.003000000000000000e+03
3.462000000000000000e+03
2.452000000000000000e+03
7.108000000000000000e+03
8.660000000000000000e+02
6.142000000000000000e+03
8.747000000000000000e+03
2.241000000000000000e+03
5.400000000000000000e+02
7.793000000000000000e+03
9.340000000000000000e+02
5.618000000000000000e+03
4.307000000000000000e+03
4.196000000000000000e+03
8.149000000000000000e+03
3.183000000000000000e+03
6.832000000000000000e+03
1.635000000000000000e+03
7.790000000000000000e+02
8.539000000000000000e+03
3.336000000000000000e+03
8.560000000000000000e+02
3.312000000000000000e+03
8.563000000000000000e+03
8.653000000000000000e+03
1.003000000000000000e+03
1.917000000000000000e+03
1.639000000000000000e+03
8.062000000000000000e+03
3.028000000000000000e+03
9.749000000000000000e+03
7.306000000000000000e+03
9.065000000000000000e+03
4.500000000000000000e+01
2.073000000000000000e+03
5.374000000000000000e+03
7.393000000000000000e+03
9.298000000000000000e+03
1.550000000000000000e+02
1.833000000000000000e+03
4.360000000000000000e+03
5.518000000000000000e+03
5.632000000000000000e+03
7.388000000000000000e+03
2.125000000000000000e+03
4.637000000000000000e+03
8.676000000000000000e+03
3.631000000000000000e+03
8.652000000000000000e+03
1.860000000000000000e+03
1.598000000000000000e+03
9.702000000000000000e+03
3.569000000000000000e+03
7.859000000000000000e+03
3.590000000000000000e+03
5.187000000000000000e+03
7.036000000000000000e+03
1.270000000000000000e+02
6.952000000000000000e+03
6.879000000000000000e+03
3.345000000000000000e+03
1.954000000000000000e+03
3.968000000000000000e+03
5.420000000000000000e+03
4.381000000000000000e+03
4.131000000000000000e+03
6.136000000000000000e+03
9.606000000000000000e+03
1.378000000000000000e+03
4.031000000000000000e+03
2.064000000000000000e+03
8.132000000000000000e+03
5.964000000000000000e+03
1.272000000000000000e+03
8.813000000000000000e+03
3.994000000000000000e+03
3.917000000000000000e+03
5.021000000000000000e+03
1.473000000000000000e+03
2.956000000000000000e+03
3.400000000000000000e+02
4.226000000000000000e+03
9.841000000000000000e+03
9.777000000000000000e+03
4.888000000000000000e+03
5.275000000000000000e+03
2.697000000000000000e+03
5.223000000000000000e+03
2.180000000000000000e+03
3.311000000000000000e+03
1.281000000000000000e+03
3.948000000000000000e+03
2.388000000000000000e+03
1.577000000000000000e+03
3.539000000000000000e+03
3.697000000000000000e+03
2.920000000000000000e+03
7.370000000000000000e+02
1.182000000000000000e+03
6.691000000000000000e+03
6.717000000000000000e+03
8.944000000000000000e+03
7.314000000000000000e+03
5.332000000000000000e+03
4.022000000000000000e+03
8.771000000000000000e+03
6.218000000000000000e+03
2.118000000000000000e+03
8.018000000000000000e+03
6.031000000000000000e+03
6.667000000000000000e+03
6.639000000000000000e+03
4.618000000000000000e+03
4.441000000000000000e+03
3.602000000000000000e+03
4.160000000000000000e+03
1.388000000000000000e+03
3.972000000000000000e+03
9.066000000000000000e+03
8.464000000000000000e+03
2.651000000000000000e+03
9.989000000000000000e+03
3.088000000000000000e+03
3.173000000000000000e+03
8.200000000000000000e+03
8.542000000000000000e+03
8.852000000000000000e+03
7.843000000000000000e+03
3.935000000000000000e+03
7.576000000000000000e+03
1.373000000000000000e+03
4.897000000000000000e+03
3.660000000000000000e+02
4.831000000000000000e+03
5.221000000000000000e+03
4.702000000000000000e+03
9.475000000000000000e+03
2.609000000000000000e+03
1.632000000000000000e+03
2.079000000000000000e+03
1.858000000000000000e+03
7.461000000000000000e+03
2.994000000000000000e+03
9.778000000000000000e+03
4.565000000000000000e+03
5.161000000000000000e+03
6.900000000000000000e+03
5.539000000000000000e+03
3.688000000000000000e+03
3.269000000000000000e+03
9.555000000000000000e+03
9.736000000000000000e+03
8.831000000000000000e+03
1.943000000000000000e+03
5.619000000000000000e+03
2.532000000000000000e+03
9.815000000000000000e+03
5.007000000000000000e+03
6.549000000000000000e+03
9.130000000000000000e+03
8.133000000000000000e+03
5.898000000000000000e+03
1.332000000000000000e+03
1.974000000000000000e+03
4.211000000000000000e+03
3.617000000000000000e+03
7.860000000000000000e+03
1.969000000000000000e+03
8.104000000000000000e+03
7.020000000000000000e+03
8.380000000000000000e+03
9.627000000000000000e+03
2.601000000000000000e+03
1.610000000000000000e+02
4.252000000000000000e+03
5.458000000000000000e+03
3.920000000000000000e+02
2.860000000000000000e+02
8.197000000000000000e+03
1.579000000000000000e+03
7.549000000000000000e+03
9.091000000000000000e+03
5.286000000000000000e+03
8.377000000000000000e+03
7.305000000000000000e+03
9.355000000000000000e+03
3.554000000000000000e+03
4.395000000000000000e+03
3.058000000000000000e+03
7.240000000000000000e+02
9.001000000000000000e+03
9.300000000000000000e+03
1.848000000000000000e+03
4.400000000000000000e+03
2.841000000000000000e+03
6.007000000000000000e+03
8.733000000000000000e+03
3.329000000000000000e+03
4.064000000000000000e+03
3.692000000000000000e+03
4.994000000000000000e+03
8.573000000000000000e+03
4.730000000000000000e+03
8.617000000000000000e+03
1.705000000000000000e+03
2.595000000000000000e+03
1.941000000000000000e+03
9.990000000000000000e+03
2.095000000000000000e+03
5.670000000000000000e+03
7.513000000000000000e+03
1.122000000000000000e+03
3.352000000000000000e+03
4.678000000000000000e+03
8.555000000000000000e+03
6.992000000000000000e+03
9.288000000000000000e+03
9.495000000000000000e+03
4.089000000000000000e+03
8.460000000000000000e+02
6.954000000000000000e+03
1.624000000000000000e+03
1.369000000000000000e+03
8.250000000000000000e+02
2.399000000000000000e+03
2.823000000000000000e+03
9.196000000000000000e+03
7.711000000000000000e+03
7.966000000000000000e+03
1.703000000000000000e+03
1.363000000000000000e+03
6.697000000000000000e+03
6.339000000000000000e+03
7.098000000000000000e+03
5.657000000000000000e+03
2.365000000000000000e+03
2.620000000000000000e+02
7.356000000000000000e+03
5.549000000000000000e+03
9.650000000000000000e+03
2.730000000000000000e+03
6.054000000000000000e+03
4.820000000000000000e+02
9.505000000000000000e+03
1.175000000000000000e+03
3.061000000000000000e+03
9.186000000000000000e+03
7.605000000000000000e+03
5.512000000000000000e+03
2.195000000000000000e+03
1.096000000000000000e+03
8.749000000000000000e+03
6.510000000000000000e+02
6.724000000000000000e+03
3.009000000000000000e+03
6.360000000000000000e+02
2.278000000000000000e+03
7.419000000000000000e+03
1.805000000000000000e+03
3.189000000000000000e+03
2.091000000000000000e+03
1.440000000000000000e+02
4.100000000000000000e+02
5.485000000000000000e+03
0.000000000000000000e+00
5.261000000000000000e+03
8.510000000000000000e+03
8.654000000000000000e+03
4.886000000000000000e+03
3.333000000000000000e+03
9.869000000000000000e+03
2.695000000000000000e+03
5.850000000000000000e+02
1.772000000000000000e+03
7.606000000000000000e+03
3.162000000000000000e+03
1.734000000000000000e+03
3.730000000000000000e+03
6.653000000000000000e+03
4.061000000000000000e+03
4.380000000000000000e+02
1.497000000000000000e+03
9.522000000000000000e+03
3.453000000000000000e+03
9.870000000000000000e+02
6.471000000000000000e+03
5.610000000000000000e+03
5.498000000000000000e+03
6.048000000000000000e+03
7.268000000000000000e+03
9.711000000000000000e+03
9.967000000000000000e+03
5.003000000000000000e+03
8.669000000000000000e+03
5.881000000000000000e+03
1.774000000000000000e+03
4.895000000000000000e+03
2.203000000000000000e+03
1.827000000000000000e+03
2.179000000000000000e+03
5.231000000000000000e+03
3.807000000000000000e+03
6.317000000000000000e+03
5.729000000000000000e+03
2.362000000000000000e+03
3.707000000000000000e+03
7.853000000000000000e+03
2.896000000000000000e+03
4.726000000000000000e+03
1.899000000000000000e+03
1.675000000000000000e+03
1.562000000000000000e+03
3.871000000000000000e+03
1.267000000000000000e+03
3.954000000000000000e+03
6.617000000000000000e+03
2.233000000000000000e+03
6.435000000000000000e+03
7.417000000000000000e+03
8.279000000000000000e+03
7.878000000000000000e+03
4.986000000000000000e+03
7.378000000000000000e+03
7.339000000000000000e+03
8.816000000000000000e+03
1.149000000000000000e+03
7.642000000000000000e+03
4.376000000000000000e+03
3.737000000000000000e+03
6.834000000000000000e+03
3.576000000000000000e+03
5.650000000000000000e+03
7.500000000000000000e+03
4.058000000000000000e+03
9.630000000000000000e+03
4.629000000000000000e+03
6.958000000000000000e+03
8.735000000000000000e+03
1.790000000000000000e+02
3.880000000000000000e+03
9.755000000000000000e+03
7.633000000000000000e+03
3.502000000000000000e+03
5.300000000000000000e+03
4.545000000000000000e+03
8.440000000000000000e+03
6.587000000000000000e+03
2.393000000000000000e+03
1.320000000000000000e+03
5.423000000000000000e+03
3.263000000000000000e+03
1.364000000000000000e+03
1.229000000000000000e+03
5.306000000000000000e+03
6.219000000000000000e+03
7.297000000000000000e+03
5.836000000000000000e+03
8.037000000000000000e+03
3.629000000000000000e+03
6.898000000000000000e+03
6.343000000000000000e+03
9.394000000000000000e+03
1.541000000000000000e+03
3.340000000000000000e+03
9.610000000000000000e+02
4.608000000000000000e+03
5.493000000000000000e+03
3.509000000000000000e+03
2.636000000000000000e+03
3.567000000000000000e+03
4.518000000000000000e+03
9.205000000000000000e+03
9.887000000000000000e+03
1.973000000000000000e+03
7.126000000000000000e+03
4.523000000000000000e+03
8.843000000000000000e+03
5.011000000000000000e+03
1.340000000000000000e+02
3.186000000000000000e+03
9.055000000000000000e+03
1.202000000000000000e+03
1.415000000000000000e+03
3.499000000000000000e+03
4.777000000000000000e+03
9.237000000000000000e+03
2.561000000000000000e+03
2.208000000000000000e+03
4.290000000000000000e+02
4.360000000000000000e+02
4.756000000000000000e+03
1.439000000000000000e+03
4.799000000000000000e+03
4.910000000000000000e+03
5.100000000000000000e+03
6.124000000000000000e+03
1.414000000000000000e+03
5.279000000000000000e+03
6.401000000000000000e+03
3.856000000000000000e+03
2.570000000000000000e+03
4.683000000000000000e+03
8.404000000000000000e+03
1.192000000000000000e+03
2.292000000000000000e+03
7.828000000000000000e+03
8.044000000000000000e+03
6.000000000000000000e+03
6.047000000000000000e+03
2.120000000000000000e+02
7.060000000000000000e+02
4.210000000000000000e+03
4.500000000000000000e+03
1.732000000000000000e+03
7.199000000000000000e+03
2.966000000000000000e+03
7.360000000000000000e+03
2.232000000000000000e+03
5.546000000000000000e+03
8.596000000000000000e+03
7.336000000000000000e+03
2.755000000000000000e+03
4.761000000000000000e+03
5.753000000000000000e+03
9.562000000000000000e+03
6.568000000000000000e+03
8.126000000000000000e+03
6.166000000000000000e+03
1.745000000000000000e+03
2.673000000000000000e+03
4.968000000000000000e+03
2.916000000000000000e+03
8.717000000000000000e+03
1.500000000000000000e+02
4.299000000000000000e+03
4.213000000000000000e+03
4.769000000000000000e+03
4.534000000000000000e+03
1.952000000000000000e+03
8.593000000000000000e+03
6.022000000000000000e+03
3.394000000000000000e+03
9.668000000000000000e+03
8.723000000000000000e+03
2.685000000000000000e+03
5.315000000000000000e+03
8.002000000000000000e+03
3.664000000000000000e+03
8.436000000000000000e+03
7.499000000000000000e+03
6.565000000000000000e+03
4.316000000000000000e+03
4.272000000000000000e+03
4.170000000000000000e+02
6.608000000000000000e+03
2.854000000000000000e+03
9.900000000000000000e+01
4.363000000000000000e+03
9.740000000000000000e+03
4.407000000000000000e+03
2.742000000000000000e+03
8.274000000000000000e+03
1.930000000000000000e+02
4.701000000000000000e+03
3.755000000000000000e+03
3.477000000000000000e+03
1.627000000000000000e+03
7.298000000000000000e+03
2.941000000000000000e+03
5.704000000000000000e+03
2.129000000000000000e+03
3.924000000000000000e+03
1.090000000000000000e+03
8.642000000000000000e+03
3.529000000000000000e+03
3.467000000000000000e+03
9.767000000000000000e+03
2.420000000000000000e+03
2.740000000000000000e+02
5.781000000000000000e+03
9.769000000000000000e+03
4.843000000000000000e+03
8.259000000000000000e+03
9.638000000000000000e+03
5.491000000000000000e+03
6.214000000000000000e+03
2.472000000000000000e+03
6.247000000000000000e+03
7.061000000000000000e+03
3.879000000000000000e+03
7.182000000000000000e+03
