9.273000000000000000e+03
8.273000000000000000e+03
1.708000000000000000e+03
3.439000000000000000e+03
1.297000000000000000e+03
7.354000000000000000e+03
5.669000000000000000e+03
1.892000000000000000e+03
6.131000000000000000e+03
5.250000000000000000e+02
4.150000000000000000e+03
1.231000000000000000e+03
8.021000000000000000e+03
7.791000000000000000e+03
2.370000000000000000e+03
1.843000000000000000e+03
8.195000000000000000e+03
3.016000000000000000e+03
2.842000000000000000e+03
6.110000000000000000e+02
3.359000000000000000e+03
7.747000000000000000e+03
3.720000000000000000e+02
4.157000000000000000e+03
3.584000000000000000e+03
8.468000000000000000e+03
9.687000000000000000e+03
5.459000000000000000e+03
3.790000000000000000e+03
7.688000000000000000e+03
3.458000000000000000e+03
2.899000000000000000e+03
8.152000000000000000e+03
5.670000000000000000e+02
2.937000000000000000e+03
8.978000000000000000e+03
3.940000000000000000e+03
5.865000000000000000e+03
1.047000000000000000e+03
7.133000000000000000e+03
9.527000000000000000e+03
3.883000000000000000e+03
6.200000000000000000e+02
8.307000000000000000e+03
5.369000000000000000e+03
2.962000000000000000e+03
3.650000000000000000e+02
5.430000000000000000e+03
7.607000000000000000e+03
8.895000000000000000e+03
1.220000000000000000e+03
3.368000000000000000e+03
3.805000000000000000e+03
1.203000000000000000e+03
7.780000000000000000e+03
7.231000000000000000e+03
3.322000000000000000e+03
9.983000000000000000e+03
6.818000000000000000e+03
6.016000000000000000e+03
5.993000000000000000e+03
4.675000000000000000e+03
7.203000000000000000e+03
9.897000000000000000e+03
6.526000000000000000e+03
4.432000000000000000e+03
6.140000000000000000e+03
6.062000000000000000e+03
7.866000000000000000e+03
3.800000000000000000e+02
5.812000000000000000e+03
8.845000000000000000e+03
7.506000000000000000e+03
5.684000000000000000e+03
1.154000000000000000e+03
3.347000000000000000e+03
4.070000000000000000e+03
3.445000000000000000e+03
5.756000000000000000e+03
7.175000000000000000e+03
2.236000000000000000e+03
3.446000000000000000e+03
4.992000000000000000e+03
3.818000000000000000e+03
6.473000000000000000e+03
3.178000000000000000e+03
2.960000000000000000e+02
1.517000000000000000e+03
7.646000000000000000e+03
6.440000000000000000e+02
6.580000000000000000e+03
7.989000000000000000e+03
4.070000000000000000e+02
7.049000000000000000e+03
5.124000000000000000e+03
8.501000000000000000e+03
6.398000000000000000e+03
2.385000000000000000e+03
5.987000000000000000e+03
6.588000000000000000e+03
9.155000000000000000e+03
7.453000000000000000e+03
7.708000000000000000e+03
5.700000000000000000e+01
2.027000000000000000e+03
4.871000000000000000e+03
5.081000000000000000e+03
3.276000000000000000e+03
6.820000000000000000e+02
2.880000000000000000e+03
4.190000000000000000e+02
3.452000000000000000e+03
2.359000000000000000e+03
9.844000000000000000e+03
5.132000000000000000e+03
6.789000000000000000e+03
4.267000000000000000e+03
3.625000000000000000e+03
3.745000000000000000e+03
2.815000000000000000e+03
7.442000000000000000e+03
3.562000000000000000e+03
9.485000000000000000e+03
9.878000000000000000e+03
9.912000000000000000e+03
3.784000000000000000e+03
1.829000000000000000e+03
8.305000000000000000e+03
6.356000000000000000e+03
5.550000000000000000e+03
3.480000000000000000e+03
7.722000000000000000e+03
4.687000000000000000e+03
3.789000000000000000e+03
9.124000000000000000e+03
3.457000000000000000e+03
4.589000000000000000e+03
4.858000000000000000e+03
8.118000000000000000e+03
8.303000000000000000e+03
2.529000000000000000e+03
9.030000000000000000e+03
5.370000000000000000e+03
8.636000000000000000e+03
5.499000000000000000e+03
3.700000000000000000e+01
9.509000000000000000e+03
4.533000000000000000e+03
4.729000000000000000e+03
9.795000000000000000e+03
2.041000000000000000e+03
4.931000000000000000e+03
8.289000000000000000e+03
7.661000000000000000e+03
9.810000000000000000e+03
8.005000000000000000e+03
7.527000000000000000e+03
6.005000000000000000e+03
4.216000000000000000e+03
5.327000000000000000e+03
1.728000000000000000e+03
1.603000000000000000e+03
6.673000000000000000e+03
7.563000000000000000e+03
5.025000000000000000e+03
6.961000000000000000e+03
4.110000000000000000e+03
4.331000000000000000e+03
1.316000000000000000e+03
7.319000000000000000e+03
7.290000000000000000e+03
3.900000000000000000e+01
5.093000000000000000e+03
8.427000000000000000e+03
2.576000000000000000e+03
1.038000000000000000e+03
4.949000000000000000e+03
1.986000000000000000e+03
9.599000000000000000e+03
8.586000000000000000e+03
3.380000000000000000e+03
2.676000000000000000e+03
3.809000000000000000e+03
8.543000000000000000e+03
7.812000000000000000e+03
7.447000000000000000e+03
8.988000000000000000e+03
9.112000000000000000e+03
7.000000000000000000e+02
3.039000000000000000e+03
1.988000000000000000e+03
1.729000000000000000e+03
7.581000000000000000e+03
9.249000000000000000e+03
5.604000000000000000e+03
9.940000000000000000e+02
3.598000000000000000e+03
4.264000000000000000e+03
8.068000000000000000e+03
1.368000000000000000e+03
7.492000000000000000e+03
3.876000000000000000e+03
4.700000000000000000e+01
2.437000000000000000e+03
3.900000000000000000e+02
3.367000000000000000e+03
6.574000000000000000e+03
4.275000000000000000e+03
2.158000000000000000e+03
6.754000000000000000e+03
2.133000000000000000e+03
6.064000000000000000e+03
5.385000000000000000e+03
6.584000000000000000e+03
1.518000000000000000e+03
2.433000000000000000e+03
6.949000000000000000e+03
4.387000000000000000e+03
7.310000000000000000e+02
6.246000000000000000e+03
8.094000000000000000e+03
3.913000000000000000e+03
3.047000000000000000e+03
2.353000000000000000e+03
9.082000000000000000e+03
9.050000000000000000e+02
7.400000000000000000e+03
3.811000000000000000e+03
2.910000000000000000e+03
8.693000000000000000e+03
2.112000000000000000e+03
6.469000000000000000e+03
9.547000000000000000e+03
8.910000000000000000e+02
8.793000000000000000e+03
3.772000000000000000e+03
4.504000000000000000e+03
7.609000000000000000e+03
2.610000000000000000e+03
8.950000000000000000e+03
8.550000000000000000e+03
5.475000000000000000e+03
7.093000000000000000e+03
5.502000000000000000e+03
7.635000000000000000e+03
8.323000000000000000e+03
4.103000000000000000e+03
7.237000000000000000e+03
6.052000000000000000e+03
3.547000000000000000e+03
9.154000000000000000e+03
1.190000000000000000e+02
5.562000000000000000e+03
9.048000000000000000e+03
1.336000000000000000e+03
2.374000000000000000e+03
9.635000000000000000e+03
7.935000000000000000e+03
3.986000000000000000e+03
7.482000000000000000e+03
4.562000000000000000e+03
3.785000000000000000e+03
1.860000000000000000e+02
4.250000000000000000e+03
6.820000000000000000e+03
1.053000000000000000e+03
5.934000000000000000e+03
3.578000000000000000e+03
7.678000000000000000e+03
7.364000000000000000e+03
1.352000000000000000e+03
1.187000000000000000e+03
5.924000000000000000e+03
4.546000000000000000e+03
5.417000000000000000e+03
5.390000000000000000e+02
1.207000000000000000e+03
9.950000000000000000e+02
1.345000000000000000e+03
6.607000000000000000e+03
1.356000000000000000e+03
5.515000000000000000e+03
7.977000000000000000e+03
9.480000000000000000e+03
6.645000000000000000e+03
9.145000000000000000e+03
5.282000000000000000e+03
6.321000000000000000e+03
4.173000000000000000e+03
5.692000000000000000e+03
8.838000000000000000e+03
5.785000000000000000e+03
1.927000000000000000e+03
3.832000000000000000e+03
6.240000000000000000e+02
5.641000000000000000e+03
8.704000000000000000e+03
7.876000000000000000e+03
9.703000000000000000e+03
6.920000000000000000e+03
2.914000000000000000e+03
3.285000000000000000e+03
2.985000000000000000e+03
1.617000000000000000e+03
5.690000000000000000e+02
1.127000000000000000e+03
5.050000000000000000e+02
6.370000000000000000e+02
1.069000000000000000e+03
6.736000000000000000e+03
5.336000000000000000e+03
9.717000000000000000e+03
6.447000000000000000e+03
3.630000000000000000e+03
9.230000000000000000e+02
6.811000000000000000e+03
2.893000000000000000e+03
8.293000000000000000e+03
3.363000000000000000e+03
4.509000000000000000e+03
3.820000000000000000e+02
6.299000000000000000e+03
2.632000000000000000e+03
2.288000000000000000e+03
9.300000000000000000e+01
4.727000000000000000e+03
4.128000000000000000e+03
1.779000000000000000e+03
1.580000000000000000e+02
2.424000000000000000e+03
2.408000000000000000e+03
9.330000000000000000e+02
6.535000000000000000e+03
5.000000000000000000e+02
4.990000000000000000e+03
8.483000000000000000e+03
7.006000000000000000e+03
1.208000000000000000e+03
7.396000000000000000e+03
8.354000000000000000e+03
8.419000000000000000e+03
5.892000000000000000e+03
8.154000000000000000e+03
5.382000000000000000e+03
8.014000000000000000e+03
3.825000000000000000e+03
6.045000000000000000e+03
1.976000000000000000e+03
6.213000000000000000e+03
2.160000000000000000e+02
5.146000000000000000e+03
7.551000000000000000e+03
2.560000000000000000e+03
4.873000000000000000e+03
5.703000000000000000e+03
5.516000000000000000e+03
4.311000000000000000e+03
7.800000000000000000e+02
7.365000000000000000e+03
5.225000000000000000e+03
9.342000000000000000e+03
4.490000000000000000e+02
6.551000000000000000e+03
5.900000000000000000e+02
7.214000000000000000e+03
9.881000000000000000e+03
2.310000000000000000e+02
6.569000000000000000e+03
8.226000000000000000e+03
8.162000000000000000e+03
3.221000000000000000e+03
1.128000000000000000e+03
6.331000000000000000e+03
6.511000000000000000e+03
8.120000000000000000e+03
3.100000000000000000e+02
6.096000000000000000e+03
8.975000000000000000e+03
7.950000000000000000e+02
5.019000000000000000e+03
4.234000000000000000e+03
3.810000000000000000e+02
7.750000000000000000e+03
5.841000000000000000e+03
9.511000000000000000e+03
4.833000000000000000e+03
2.623000000000000000e+03
6.440000000000000000e+03
6.575000000000000000e+03
1.586000000000000000e+03
1.789000000000000000e+03
5.616000000000000000e+03
8.801000000000000000e+03
7.644000000000000000e+03
6.704000000000000000e+03
9.910000000000000000e+02
2.840000000000000000e+03
1.531000000000000000e+03
9.000000000000000000e+01
4.740000000000000000e+03
2.306000000000000000e+03
8.861000000000000000e+03
7.047000000000000000e+03
5.476000000000000000e+03
9.789000000000000000e+03
6.536000000000000000e+03
6.529000000000000000e+03
4.012000000000000000e+03
8.204000000000000000e+03
4.017000000000000000e+03
7.574000000000000000e+03
2.530000000000000000e+03
5.832000000000000000e+03
8.836000000000000000e+03
5.890000000000000000e+02
9.253000000000000000e+03
5.063000000000000000e+03
1.735000000000000000e+03
2.046000000000000000e+03
8.317000000000000000e+03
6.585000000000000000e+03
3.534000000000000000e+03
8.613000000000000000e+03
2.998000000000000000e+03
2.901000000000000000e+03
6.076000000000000000e+03
8.754000000000000000e+03
7.361000000000000000e+03
1.660000000000000000e+02
1.147000000000000000e+03
1.078000000000000000e+03
7.473000000000000000e+03
6.915000000000000000e+03
7.833000000000000000e+03
8.527000000000000000e+03
3.653000000000000000e+03
1.700000000000000000e+02
1.023000000000000000e+03
5.956000000000000000e+03
1.167000000000000000e+03
2.264000000000000000e+03
4.229000000000000000e+03
8.802000000000000000e+03
3.718000000000000000e+03
6.086000000000000000e+03
3.234000000000000000e+03
5.023000000000000000e+03
6.265000000000000000e+03
3.172000000000000000e+03
3.610000000000000000e+03
4.772000000000000000e+03
1.253000000000000000e+03
4.050000000000000000e+02
3.770000000000000000e+03
2.771000000000000000e+03
1.159000000000000000e+03
3.996000000000000000e+03
3.169000000000000000e+03
1.862000000000000000e+03
9.530000000000000000e+02
5.082000000000000000e+03
6.861000000000000000e+03
7.879000000000000000e+03
1.077000000000000000e+03
4.575000000000000000e+03
3.568000000000000000e+03
6.367000000000000000e+03
6.500000000000000000e+01
6.378000000000000000e+03
3.069000000000000000e+03
9.639000000000000000e+03
9.353000000000000000e+03
8.452000000000000000e+03
9.718000000000000000e+03
5.448000000000000000e+03
2.709000000000000000e+03
6.185000000000000000e+03
6.369000000000000000e+03
2.804000000000000000e+03
5.923000000000000000e+03
5.439000000000000000e+03
9.500000000000000000e+01
1.900000000000000000e+01
2.886000000000000000e+03
4.745000000000000000e+03
9.861000000000000000e+03
8.121000000000000000e+03
9.267000000000000000e+03
6.983000000000000000e+03
5.792000000000000000e+03
4.024000000000000000e+03
6.220000000000000000e+03
3.232000000000000000e+03
7.621000000000000000e+03
1.706000000000000000e+03
2.464000000000000000e+03
8.989000000000000000e+03
2.338000000000000000e+03
7.153000000000000000e+03
8.797000000000000000e+03
3.590000000000000000e+03
2.192000000000000000e+03
6.282000000000000000e+03
3.754000000000000000e+03
6.964000000000000000e+03
4.830000000000000000e+02
3.950000000000000000e+02
8.149000000000000000e+03
5.862000000000000000e+03
2.790000000000000000e+03
8.170000000000000000e+03
9.503000000000000000e+03
5.134000000000000000e+03
1.370000000000000000e+03
8.964000000000000000e+03
2.919000000000000000e+03
4.766000000000000000e+03
4.177000000000000000e+03
6.909000000000000000e+03
3.810000000000000000e+03
1.917000000000000000e+03
4.762000000000000000e+03
3.750000000000000000e+02
6.405000000000000000e+03
9.119000000000000000e+03
8.082000000000000000e+03
7.583000000000000000e+03
6.932000000000000000e+03
1.737000000000000000e+03
2.029000000000000000e+03
1.948000000000000000e+03
5.700000000000000000e+02
6.216000000000000000e+03
9.160000000000000000e+03
8.970000000000000000e+02
5.807000000000000000e+03
7.742000000000000000e+03
2.103000000000000000e+03
7.672000000000000000e+03
8.132000000000000000e+03
9.132000000000000000e+03
7.910000000000000000e+02
8.412000000000000000e+03
5.196000000000000000e+03
8.665000000000000000e+03
6.390000000000000000e+03
5.769000000000000000e+03
9.877000000000000000e+03
9.777000000000000000e+03
5.102000000000000000e+03
1.641000000000000000e+03
2.346000000000000000e+03
3.100000000000000000e+03
1.902000000000000000e+03
4.440000000000000000e+03
1.285000000000000000e+03
2.003000000000000000e+03
4.690000000000000000e+02
2.951000000000000000e+03
2.925000000000000000e+03
9.770000000000000000e+03
8.847000000000000000e+03
7.541000000000000000e+03
3.119000000000000000e+03
1.046000000000000000e+03
7.643000000000000000e+03
8.987000000000000000e+03
9.583000000000000000e+03
4.637000000000000000e+03
9.398000000000000000e+03
6.600000000000000000e+03
5.735000000000000000e+03
6.067000000000000000e+03
4.711000000000000000e+03
4.810000000000000000e+03
7.793000000000000000e+03
1.200000000000000000e+02
7.474000000000000000e+03
6.620000000000000000e+03
7.077000000000000000e+03
3.295000000000000000e+03
4.108000000000000000e+03
8.863000000000000000e+03
6.314000000000000000e+03
4.233000000000000000e+03
6.832000000000000000e+03
9.709000000000000000e+03
1.755000000000000000e+03
7.531000000000000000e+03
4.302000000000000000e+03
8.563000000000000000e+03
2.001000000000000000e+03
1.525000000000000000e+03
1.693000000000000000e+03
6.386000000000000000e+03
6.522000000000000000e+03
4.422000000000000000e+03
1.270000000000000000e+02
5.200000000000000000e+01
6.368000000000000000e+03
7.761000000000000000e+03
7.778000000000000000e+03
6.922000000000000000e+03
3.209000000000000000e+03
3.657000000000000000e+03
8.852000000000000000e+03
9.949000000000000000e+03
2.360000000000000000e+03
7.188000000000000000e+03
3.383000000000000000e+03
3.680000000000000000e+02
6.966000000000000000e+03
9.361000000000000000e+03
8.564000000000000000e+03
8.779000000000000000e+03
3.690000000000000000e+03
4.622000000000000000e+03
8.170000000000000000e+02
9.030000000000000000e+02
7.158000000000000000e+03
8.580000000000000000e+03
7.904000000000000000e+03
7.105000000000000000e+03
7.914000000000000000e+03
2.471000000000000000e+03
5.007000000000000000e+03
5.304000000000000000e+03
9.966000000000000000e+03
3.395000000000000000e+03
6.675000000000000000e+03
1.937000000000000000e+03
5.755000000000000000e+03
5.928000000000000000e+03
6.002000000000000000e+03
4.139000000000000000e+03
6.113000000000000000e+03
6.847000000000000000e+03
7.441000000000000000e+03
4.610000000000000000e+02
1.162000000000000000e+03
3.935000000000000000e+03
4.790000000000000000e+03
6.900000000000000000e+03
9.058000000000000000e+03
3.530000000000000000e+02
7.258000000000000000e+03
2.535000000000000000e+03
6.498000000000000000e+03
9.940000000000000000e+03
4.019000000000000000e+03
1.387000000000000000e+03
4.591000000000000000e+03
4.045000000000000000e+03
2.331000000000000000e+03
3.331000000000000000e+03
6.630000000000000000e+03
4.412000000000000000e+03
2.468000000000000000e+03
9.782000000000000000e+03
2.994000000000000000e+03
5.469000000000000000e+03
3.939000000000000000e+03
3.135000000000000000e+03
8.628000000000000000e+03
4.439000000000000000e+03
1.388000000000000000e+03
6.804000000000000000e+03
9.607000000000000000e+03
8.944000000000000000e+03
7.213000000000000000e+03
2.721000000000000000e+03
2.728000000000000000e+03
5.826000000000000000e+03
1.196000000000000000e+03
5.581000000000000000e+03
4.990000000000000000e+02
7.712000000000000000e+03
1.536000000000000000e+03
8.800000000000000000e+01
8.196000000000000000e+03
3.840000000000000000e+02
7.210000000000000000e+03
3.270000000000000000e+03
5.401000000000000000e+03
9.091000000000000000e+03
6.800000000000000000e+02
1.475000000000000000e+03
4.765000000000000000e+03
6.031000000000000000e+03
7.512000000000000000e+03
9.730000000000000000e+02
9.494000000000000000e+03
8.824000000000000000e+03
1.800000000000000000e+03
2.562000000000000000e+03
9.858000000000000000e+03
7.681000000000000000e+03
8.700000000000000000e+02
5.619000000000000000e+03
6.388000000000000000e+03
1.500000000000000000e+03
8.402000000000000000e+03
8.749000000000000000e+03
4.130000000000000000e+03
9.963000000000000000e+03
8.110000000000000000e+03
5.114000000000000000e+03
4.322000000000000000e+03
3.098000000000000000e+03
7.300000000000000000e+03
4.800000000000000000e+03
7.801000000000000000e+03
5.297000000000000000e+03
4.865000000000000000e+03
1.117000000000000000e+03
3.107000000000000000e+03
6.364000000000000000e+03
4.467000000000000000e+03
2.844000000000000000e+03
4.423000000000000000e+03
9.765000000000000000e+03
1.809000000000000000e+03
2.123000000000000000e+03
8.248000000000000000e+03
6.119000000000000000e+03
9.300000000000000000e+02
7.069000000000000000e+03
8.525000000000000000e+03
9.919000000000000000e+03
7.020000000000000000e+02
2.285000000000000000e+03
1.498000000000000000e+03
3.525000000000000000e+03
1.721000000000000000e+03
7.960000000000000000e+03
3.109000000000000000e+03
7.124000000000000000e+03
2.059000000000000000e+03
9.640000000000000000e+03
3.838000000000000000e+03
7.654000000000000000e+03
9.884000000000000000e+03
5.496000000000000000e+03
1.241000000000000000e+03
7.141000000000000000e+03
1.175000000000000000e+03
7.513000000000000000e+03
5.790000000000000000e+02
3.055000000000000000e+03
2.252000000000000000e+03
1.950000000000000000e+03
7.088000000000000000e+03
2.243000000000000000e+03
4.487000000000000000e+03
4.886000000000000000e+03
8.403000000000000000e+03
6.339000000000000000e+03
5.670000000000000000e+03
7.149000000000000000e+03
5.246000000000000000e+03
5.466000000000000000e+03
2.482000000000000000e+03
4.119000000000000000e+03
1.941000000000000000e+03
4.794000000000000000e+03
7.701000000000000000e+03
4.654000000000000000e+03
5.287000000000000000e+03
6.840000000000000000e+02
8.387000000000000000e+03
8.519000000000000000e+03
2.314000000000000000e+03
7.852000000000000000e+03
9.495000000000000000e+03
2.200000000000000000e+02
4.690000000000000000e+03
7.903000000000000000e+03
5.334000000000000000e+03
9.294000000000000000e+03
6.648000000000000000e+03
4.474000000000000000e+03
6.768000000000000000e+03
6.724000000000000000e+03
4.214000000000000000e+03
2.091000000000000000e+03
6.006000000000000000e+03
5.532000000000000000e+03
6.679000000000000000e+03
5.600000000000000000e+03
1.110000000000000000e+03
3.453000000000000000e+03
8.375000000000000000e+03
7.978000000000000000e+03
9.000000000000000000e+03
4.773000000000000000e+03
6.449000000000000000e+03
8.151000000000000000e+03
3.441000000000000000e+03
2.961000000000000000e+03
9.650000000000000000e+03
3.880000000000000000e+03
9.574000000000000000e+03
5.864000000000000000e+03
9.326000000000000000e+03
7.109000000000000000e+03
1.719000000000000000e+03
7.450000000000000000e+03
2.800000000000000000e+03
5.075000000000000000e+03
8.927000000000000000e+03
2.691000000000000000e+03
9.150000000000000000e+03
5.433000000000000000e+03
1.234000000000000000e+03
5.995000000000000000e+03
6.030000000000000000e+02
9.197000000000000000e+03
9.564000000000000000e+03
6.410000000000000000e+03
9.572000000000000000e+03
3.246000000000000000e+03
9.271000000000000000e+03
3.954000000000000000e+03
7.099000000000000000e+03
6.296000000000000000e+03
3.771000000000000000e+03
1.573000000000000000e+03
8.437000000000000000e+03
3.012000000000000000e+03
5.041000000000000000e+03
1.259000000000000000e+03
2.660000000000000000e+02
7.689000000000000000e+03
3.002000000000000000e+03
6.514000000000000000e+03
4.737000000000000000e+03
7.660000000000000000e+03
9.563000000000000000e+03
2.744000000000000000e+03
5.820000000000000000e+02
2.512000000000000000e+03
5.611000000000000000e+03
1.225000000000000000e+03
6.485000000000000000e+03
1.324000000000000000e+03
3.949000000000000000e+03
7.140000000000000000e+02
4.797000000000000000e+03
6.348000000000000000e+03
1.961000000000000000e+03
1.415000000000000000e+03
3.046000000000000000e+03
7.930000000000000000e+02
4.731000000000000000e+03
7.586000000000000000e+03
8.566000000000000000e+03
6.467000000000000000e+03
7.339000000000000000e+03
1.882000000000000000e+03
1.973000000000000000e+03
2.849000000000000000e+03
3.583000000000000000e+03
9.187000000000000000e+03
6.262000000000000000e+03
3.829000000000000000e+03
2.990000000000000000e+02
7.070000000000000000e+03
1.052000000000000000e+03
6.709000000000000000e+03
6.001000000000000000e+03
6.864000000000000000e+03
8.216000000000000000e+03
8.050000000000000000e+02
7.823000000000000000e+03
3.343000000000000000e+03
9.116000000000000000e+03
1.470000000000000000e+03
1.441000000000000000e+03
7.979000000000000000e+03
4.419000000000000000e+03
9.920000000000000000e+03
3.245000000000000000e+03
2.834000000000000000e+03
8.689000000000000000e+03
3.519000000000000000e+03
3.782000000000000000e+03
7.770000000000000000e+03
7.951000000000000000e+03
3.730000000000000000e+02
7.901000000000000000e+03
7.313000000000000000e+03
9.755000000000000000e+03
1.229000000000000000e+03
6.595000000000000000e+03
9.161000000000000000e+03
5.547000000000000000e+03
2.561000000000000000e+03
6.834000000000000000e+03
4.849000000000000000e+03
4.922000000000000000e+03
8.006000000000000000e+03
5.787000000000000000e+03
9.784000000000000000e+03
5.537000000000000000e+03
2.923000000000000000e+03
5.130000000000000000e+03
8.623000000000000000e+03
7.769000000000000000e+03
4.683000000000000000e+03
8.259000000000000000e+03
8.900000000000000000e+03
9.252000000000000000e+03
9.319000000000000000e+03
3.385000000000000000e+03
3.890000000000000000e+02
4.237000000000000000e+03
2.350000000000000000e+02
6.221000000000000000e+03
3.286000000000000000e+03
6.249000000000000000e+03
4.846000000000000000e+03
9.376000000000000000e+03
8.184000000000000000e+03
5.060000000000000000e+03
8.422000000000000000e+03
9.026000000000000000e+03
7.471000000000000000e+03
7.081000000000000000e+03
6.730000000000000000e+02
2.516000000000000000e+03
4.078000000000000000e+03
7.736000000000000000e+03
4.093000000000000000e+03
9.423000000000000000e+03
6.157000000000000000e+03
3.798000000000000000e+03
2.380000000000000000e+03
3.821000000000000000e+03
1.439000000000000000e+03
9.945000000000000000e+03
5.352000000000000000e+03
3.992000000000000000e+03
9.130000000000000000e+02
6.168000000000000000e+03
3.504000000000000000e+03
4.174000000000000000e+03
7.298000000000000000e+03
2.845000000000000000e+03
9.540000000000000000e+02
9.900000000000000000e+01
6.787000000000000000e+03
2.420000000000000000e+03
8.330000000000000000e+02
6.300000000000000000e+02
5.009000000000000000e+03
2.320000000000000000e+03
1.743000000000000000e+03
4.799000000000000000e+03
1.627000000000000000e+03
4.560000000000000000e+03
9.660000000000000000e+02
7.182000000000000000e+03
6.565000000000000000e+03
7.318000000000000000e+03
4.480000000000000000e+03
1.418000000000000000e+03
7.322000000000000000e+03
4.786000000000000000e+03
1.058000000000000000e+03
4.880000000000000000e+02
1.455000000000000000e+03
2.088000000000000000e+03
2.438000000000000000e+03
5.750000000000000000e+02
7.382000000000000000e+03
8.700000000000000000e+03
6.888000000000000000e+03
4.134000000000000000e+03
4.407000000000000000e+03
6.560000000000000000e+03
7.580000000000000000e+03
5.869000000000000000e+03
8.590000000000000000e+03
4.436000000000000000e+03
3.404000000000000000e+03
5.377000000000000000e+03
1.512000000000000000e+03
4.314000000000000000e+03
7.652000000000000000e+03
7.557000000000000000e+03
5.220000000000000000e+03
2.387000000000000000e+03
1.327000000000000000e+03
2.120000000000000000e+02
4.945000000000000000e+03
8.109000000000000000e+03
8.897000000000000000e+03
4.502000000000000000e+03
6.436000000000000000e+03
3.666000000000000000e+03
