2.660000000000000000e+03
5.519000000000000000e+03
4.788000000000000000e+03
4.079000000000000000e+03
7.526000000000000000e+03
1.995000000000000000e+03
7.367000000000000000e+03
9.052000000000000000e+03
5.721000000000000000e+03
5.756000000000000000e+03
7.440000000000000000e+03
9.800000000000000000e+03
8.992000000000000000e+03
5.505000000000000000e+03
4.780000000000000000e+03
2.999000000000000000e+03
5.321000000000000000e+03
8.114000000000000000e+03
6.781000000000000000e+03
6.163000000000000000e+03
2.710000000000000000e+02
5.970000000000000000e+02
9.387000000000000000e+03
9.948000000000000000e+03
6.201000000000000000e+03
6.900000000000000000e+01
8.858000000000000000e+03
7.161000000000000000e+03
6.344000000000000000e+03
5.531000000000000000e+03
2.096000000000000000e+03
2.536000000000000000e+03
8.251000000000000000e+03
6.040000000000000000e+03
1.796000000000000000e+03
2.811000000000000000e+03
5.593000000000000000e+03
9.962000000000000000e+03
7.221000000000000000e+03
2.295000000000000000e+03
6.701000000000000000e+03
2.067000000000000000e+03
6.841000000000000000e+03
7.630000000000000000e+02
7.655000000000000000e+03
7.887000000000000000e+03
6.016000000000000000e+03
4.604000000000000000e+03
5.860000000000000000e+02
1.404000000000000000e+03
1.712000000000000000e+03
3.870000000000000000e+03
2.761000000000000000e+03
8.481000000000000000e+03
9.459000000000000000e+03
7.537000000000000000e+03
5.459000000000000000e+03
9.902000000000000000e+03
6.610000000000000000e+02
4.091000000000000000e+03
2.023000000000000000e+03
5.301000000000000000e+03
2.333000000000000000e+03
5.731000000000000000e+03
3.940000000000000000e+03
8.983000000000000000e+03
2.106000000000000000e+03
6.383000000000000000e+03
8.558000000000000000e+03
2.294000000000000000e+03
5.124000000000000000e+03
9.158000000000000000e+03
8.243000000000000000e+03
1.231000000000000000e+03
5.257000000000000000e+03
2.627000000000000000e+03
2.081000000000000000e+03
7.907000000000000000e+03
3.698000000000000000e+03
5.828000000000000000e+03
5.031000000000000000e+03
1.218000000000000000e+03
3.695000000000000000e+03
1.940000000000000000e+02
6.970000000000000000e+03
9.016000000000000000e+03
1.223000000000000000e+03
5.952000000000000000e+03
2.592000000000000000e+03
4.082000000000000000e+03
9.174000000000000000e+03
4.432000000000000000e+03
8.731000000000000000e+03
8.425000000000000000e+03
2.417000000000000000e+03
6.131000000000000000e+03
8.567000000000000000e+03
2.970000000000000000e+02
3.805000000000000000e+03
2.209000000000000000e+03
9.489000000000000000e+03
3.353000000000000000e+03
3.930000000000000000e+03
7.424000000000000000e+03
2.041000000000000000e+03
3.300000000000000000e+02
9.509000000000000000e+03
3.050000000000000000e+03
3.648000000000000000e+03
9.796000000000000000e+03
6.482000000000000000e+03
4.428000000000000000e+03
5.642000000000000000e+03
2.171000000000000000e+03
2.655000000000000000e+03
2.746000000000000000e+03
1.011000000000000000e+03
7.832000000000000000e+03
7.171000000000000000e+03
9.560000000000000000e+02
5.081000000000000000e+03
9.290000000000000000e+02
8.443000000000000000e+03
9.200000000000000000e+02
3.039000000000000000e+03
7.303000000000000000e+03
2.324000000000000000e+03
6.680000000000000000e+03
6.902000000000000000e+03
7.340000000000000000e+03
7.160000000000000000e+02
9.490000000000000000e+02
1.630000000000000000e+03
4.212000000000000000e+03
7.073000000000000000e+03
1.434000000000000000e+03
6.901000000000000000e+03
9.774000000000000000e+03
8.538000000000000000e+03
3.354000000000000000e+03
4.670000000000000000e+03
7.944000000000000000e+03
3.203000000000000000e+03
1.780000000000000000e+03
2.020000000000000000e+02
2.182000000000000000e+03
4.732000000000000000e+03
3.255000000000000000e+03
3.214000000000000000e+03
7.217000000000000000e+03
7.665000000000000000e+03
2.984000000000000000e+03
1.136000000000000000e+03
4.953000000000000000e+03
2.650000000000000000e+02
9.140000000000000000e+03
3.386000000000000000e+03
9.903000000000000000e+03
4.409000000000000000e+03
5.331000000000000000e+03
6.883000000000000000e+03
4.025000000000000000e+03
8.128000000000000000e+03
4.105000000000000000e+03
7.247000000000000000e+03
5.014000000000000000e+03
8.509000000000000000e+03
1.766000000000000000e+03
6.506000000000000000e+03
6.634000000000000000e+03
5.566000000000000000e+03
6.110000000000000000e+03
6.733000000000000000e+03
5.406000000000000000e+03
3.003000000000000000e+03
2.355000000000000000e+03
5.370000000000000000e+03
3.784000000000000000e+03
1.179000000000000000e+03
1.659000000000000000e+03
7.138000000000000000e+03
4.877000000000000000e+03
2.760000000000000000e+02
4.653000000000000000e+03
2.239000000000000000e+03
2.510000000000000000e+03
5.524000000000000000e+03
1.070000000000000000e+02
1.368000000000000000e+03
5.091000000000000000e+03
5.290000000000000000e+02
5.271000000000000000e+03
6.783000000000000000e+03
2.018000000000000000e+03
5.859000000000000000e+03
2.276000000000000000e+03
6.456000000000000000e+03
2.017000000000000000e+03
5.044000000000000000e+03
1.890000000000000000e+02
7.310000000000000000e+02
7.271000000000000000e+03
5.340000000000000000e+03
2.625000000000000000e+03
3.489000000000000000e+03
7.380000000000000000e+02
1.891000000000000000e+03
1.936000000000000000e+03
4.167000000000000000e+03
6.677000000000000000e+03
2.503000000000000000e+03
3.176000000000000000e+03
7.604000000000000000e+03
2.596000000000000000e+03
5.024000000000000000e+03
3.703000000000000000e+03
3.731000000000000000e+03
8.492000000000000000e+03
1.795000000000000000e+03
3.775000000000000000e+03
5.018000000000000000e+03
6.469000000000000000e+03
6.607000000000000000e+03
6.183000000000000000e+03
7.412000000000000000e+03
2.108000000000000000e+03
5.282000000000000000e+03
2.488000000000000000e+03
6.519000000000000000e+03
7.147000000000000000e+03
3.578000000000000000e+03
4.981000000000000000e+03
1.177000000000000000e+03
6.785000000000000000e+03
1.190000000000000000e+02
1.348000000000000000e+03
3.681000000000000000e+03
1.711000000000000000e+03
8.673000000000000000e+03
3.946000000000000000e+03
2.412000000000000000e+03
7.349000000000000000e+03
9.487000000000000000e+03
1.771000000000000000e+03
4.666000000000000000e+03
5.216000000000000000e+03
6.423000000000000000e+03
6.093000000000000000e+03
9.215000000000000000e+03
4.204000000000000000e+03
6.497000000000000000e+03
3.600000000000000000e+03
5.267000000000000000e+03
1.431000000000000000e+03
3.960000000000000000e+02
1.269000000000000000e+03
1.990000000000000000e+02
2.572000000000000000e+03
7.012000000000000000e+03
8.498000000000000000e+03
3.630000000000000000e+02
6.614000000000000000e+03
7.364000000000000000e+03
7.724000000000000000e+03
6.562000000000000000e+03
7.619000000000000000e+03
7.772000000000000000e+03
9.260000000000000000e+02
2.260000000000000000e+03
6.828000000000000000e+03
9.849000000000000000e+03
3.772000000000000000e+03
1.002000000000000000e+03
8.280000000000000000e+02
1.658000000000000000e+03
5.907000000000000000e+03
5.739000000000000000e+03
6.900000000000000000e+02
7.321000000000000000e+03
3.223000000000000000e+03
4.700000000000000000e+01
9.446000000000000000e+03
1.336000000000000000e+03
5.149000000000000000e+03
8.800000000000000000e+03
1.407000000000000000e+03
9.623000000000000000e+03
3.035000000000000000e+03
2.780000000000000000e+02
6.111000000000000000e+03
5.895000000000000000e+03
3.081000000000000000e+03
3.655000000000000000e+03
3.522000000000000000e+03
2.752000000000000000e+03
9.225000000000000000e+03
6.193000000000000000e+03
9.050000000000000000e+02
1.518000000000000000e+03
2.977000000000000000e+03
5.382000000000000000e+03
2.453000000000000000e+03
3.795000000000000000e+03
8.785000000000000000e+03
8.293000000000000000e+03
4.647000000000000000e+03
6.011000000000000000e+03
3.015000000000000000e+03
2.105000000000000000e+03
2.629000000000000000e+03
4.885000000000000000e+03
9.283000000000000000e+03
7.821000000000000000e+03
5.310000000000000000e+02
6.160000000000000000e+03
9.840000000000000000e+03
9.750000000000000000e+03
5.468000000000000000e+03
3.299000000000000000e+03
5.330000000000000000e+03
6.322000000000000000e+03
5.764000000000000000e+03
1.239000000000000000e+03
3.449000000000000000e+03
6.907000000000000000e+03
1.746000000000000000e+03
1.150000000000000000e+03
6.745000000000000000e+03
3.962000000000000000e+03
9.445000000000000000e+03
1.828000000000000000e+03
2.551000000000000000e+03
3.487000000000000000e+03
8.354000000000000000e+03
5.955000000000000000e+03
3.739000000000000000e+03
4.120000000000000000e+03
5.516000000000000000e+03
7.950000000000000000e+02
1.420000000000000000e+02
3.407000000000000000e+03
1.354000000000000000e+03
9.812000000000000000e+03
2.871000000000000000e+03
6.177000000000000000e+03
8.435000000000000000e+03
7.207000000000000000e+03
1.763000000000000000e+03
4.400000000000000000e+01
5.140000000000000000e+03
4.306000000000000000e+03
9.758000000000000000e+03
6.930000000000000000e+03
3.686000000000000000e+03
7.675000000000000000e+03
2.128000000000000000e+03
2.618000000000000000e+03
3.910000000000000000e+03
1.489000000000000000e+03
2.130000000000000000e+02
4.443000000000000000e+03
2.776000000000000000e+03
7.026000000000000000e+03
7.119000000000000000e+03
5.454000000000000000e+03
3.548000000000000000e+03
3.045000000000000000e+03
1.690000000000000000e+03
9.120000000000000000e+02
2.086000000000000000e+03
1.789000000000000000e+03
8.842000000000000000e+03
3.074000000000000000e+03
3.484000000000000000e+03
3.493000000000000000e+03
4.311000000000000000e+03
5.912000000000000000e+03
7.841000000000000000e+03
2.533000000000000000e+03
9.440000000000000000e+02
9.760000000000000000e+02
9.828000000000000000e+03
9.300000000000000000e+01
2.583000000000000000e+03
6.331000000000000000e+03
3.261000000000000000e+03
1.127000000000000000e+03
6.370000000000000000e+03
5.945000000000000000e+03
9.790000000000000000e+03
7.690000000000000000e+03
2.881000000000000000e+03
9.275000000000000000e+03
1.681000000000000000e+03
6.982000000000000000e+03
4.277000000000000000e+03
6.174000000000000000e+03
8.485000000000000000e+03
4.894000000000000000e+03
2.756000000000000000e+03
7.982000000000000000e+03
8.255000000000000000e+03
1.920000000000000000e+03
1.557000000000000000e+03
1.147000000000000000e+03
6.313000000000000000e+03
4.970000000000000000e+02
6.983000000000000000e+03
4.192000000000000000e+03
4.379000000000000000e+03
9.012000000000000000e+03
6.300000000000000000e+03
9.020000000000000000e+02
4.738000000000000000e+03
5.126000000000000000e+03
7.947000000000000000e+03
5.190000000000000000e+02
4.001000000000000000e+03
8.189000000000000000e+03
5.419000000000000000e+03
4.842000000000000000e+03
3.718000000000000000e+03
3.790000000000000000e+02
1.253000000000000000e+03
3.298000000000000000e+03
3.990000000000000000e+02
5.159000000000000000e+03
2.470000000000000000e+02
8.626000000000000000e+03
9.615000000000000000e+03
2.371000000000000000e+03
4.911000000000000000e+03
5.474000000000000000e+03
9.473000000000000000e+03
3.431000000000000000e+03
6.769000000000000000e+03
1.230000000000000000e+03
6.600000000000000000e+02
8.276000000000000000e+03
5.677000000000000000e+03
3.076000000000000000e+03
5.076000000000000000e+03
9.103000000000000000e+03
6.378000000000000000e+03
4.373000000000000000e+03
3.024000000000000000e+03
6.931000000000000000e+03
2.936000000000000000e+03
1.864000000000000000e+03
7.338000000000000000e+03
1.263000000000000000e+03
3.728000000000000000e+03
5.444000000000000000e+03
9.183000000000000000e+03
9.033000000000000000e+03
1.427000000000000000e+03
8.589000000000000000e+03
2.117000000000000000e+03
3.490000000000000000e+03
3.517000000000000000e+03
3.996000000000000000e+03
2.074000000000000000e+03
5.202000000000000000e+03
8.685000000000000000e+03
8.755000000000000000e+03
4.458000000000000000e+03
4.912000000000000000e+03
9.347000000000000000e+03
6.700000000000000000e+02
4.813000000000000000e+03
6.013000000000000000e+03
8.664000000000000000e+03
3.114000000000000000e+03
8.141000000000000000e+03
9.267000000000000000e+03
6.699000000000000000e+03
4.721000000000000000e+03
6.176000000000000000e+03
9.064000000000000000e+03
7.650000000000000000e+02
1.735000000000000000e+03
7.937000000000000000e+03
4.046000000000000000e+03
6.737000000000000000e+03
8.314000000000000000e+03
7.775000000000000000e+03
9.128000000000000000e+03
1.242000000000000000e+03
6.284000000000000000e+03
4.745000000000000000e+03
5.956000000000000000e+03
4.900000000000000000e+01
4.042000000000000000e+03
8.917000000000000000e+03
7.251000000000000000e+03
5.319000000000000000e+03
7.759000000000000000e+03
8.709000000000000000e+03
9.530000000000000000e+02
7.206000000000000000e+03
4.440000000000000000e+03
4.359000000000000000e+03
2.300000000000000000e+01
2.957000000000000000e+03
3.898000000000000000e+03
9.841000000000000000e+03
2.546000000000000000e+03
4.711000000000000000e+03
4.300000000000000000e+03
3.170000000000000000e+02
3.119000000000000000e+03
5.339000000000000000e+03
9.493000000000000000e+03
7.870000000000000000e+03
4.828000000000000000e+03
6.866000000000000000e+03
9.465000000000000000e+03
6.540000000000000000e+02
2.909000000000000000e+03
1.339000000000000000e+03
5.473000000000000000e+03
8.601000000000000000e+03
3.190000000000000000e+02
9.590000000000000000e+03
2.029000000000000000e+03
1.677000000000000000e+03
9.988000000000000000e+03
3.631000000000000000e+03
5.111000000000000000e+03
4.261000000000000000e+03
6.740000000000000000e+02
1.761000000000000000e+03
9.065000000000000000e+03
7.397000000000000000e+03
5.571000000000000000e+03
9.289000000000000000e+03
6.215000000000000000e+03
4.302000000000000000e+03
1.032000000000000000e+03
4.323000000000000000e+03
5.752000000000000000e+03
7.715000000000000000e+03
3.275000000000000000e+03
4.219000000000000000e+03
7.958000000000000000e+03
3.640000000000000000e+02
8.823000000000000000e+03
1.641000000000000000e+03
3.470000000000000000e+03
6.620000000000000000e+03
3.470000000000000000e+02
6.270000000000000000e+03
7.888000000000000000e+03
3.537000000000000000e+03
4.202000000000000000e+03
8.578000000000000000e+03
5.347000000000000000e+03
8.747000000000000000e+03
8.761000000000000000e+03
6.257000000000000000e+03
5.700000000000000000e+02
9.616000000000000000e+03
1.082000000000000000e+03
9.770000000000000000e+03
2.207000000000000000e+03
4.689000000000000000e+03
6.414000000000000000e+03
4.971000000000000000e+03
4.902000000000000000e+03
8.570000000000000000e+02
4.569000000000000000e+03
3.754000000000000000e+03
8.120000000000000000e+02
5.852000000000000000e+03
3.569000000000000000e+03
7.742000000000000000e+03
3.860000000000000000e+03
8.643000000000000000e+03
6.155000000000000000e+03
5.397000000000000000e+03
7.531000000000000000e+03
3.929000000000000000e+03
9.176000000000000000e+03
9.545000000000000000e+03
7.067000000000000000e+03
3.778000000000000000e+03
2.689000000000000000e+03
7.036000000000000000e+03
2.768000000000000000e+03
4.722000000000000000e+03
1.598000000000000000e+03
7.793000000000000000e+03
5.682000000000000000e+03
5.389000000000000000e+03
2.839000000000000000e+03
3.636000000000000000e+03
5.152000000000000000e+03
2.610000000000000000e+02
9.853000000000000000e+03
6.390000000000000000e+03
1.632000000000000000e+03
5.171000000000000000e+03
5.727000000000000000e+03
7.305000000000000000e+03
3.801000000000000000e+03
3.979000000000000000e+03
3.557000000000000000e+03
8.326000000000000000e+03
2.791000000000000000e+03
2.469000000000000000e+03
2.062000000000000000e+03
7.709000000000000000e+03
9.021000000000000000e+03
3.539000000000000000e+03
5.884000000000000000e+03
3.564000000000000000e+03
9.030000000000000000e+02
4.439000000000000000e+03
4.252000000000000000e+03
4.704000000000000000e+03
3.238000000000000000e+03
1.744000000000000000e+03
1.951000000000000000e+03
7.438000000000000000e+03
2.609000000000000000e+03
9.278000000000000000e+03
4.765000000000000000e+03
5.000000000000000000e+01
2.535000000000000000e+03
6.549000000000000000e+03
4.449000000000000000e+03
5.066000000000000000e+03
3.304000000000000000e+03
1.688000000000000000e+03
8.831000000000000000e+03
9.256000000000000000e+03
2.721000000000000000e+03
7.461000000000000000e+03
6.033000000000000000e+03
1.662000000000000000e+03
4.388000000000000000e+03
7.906000000000000000e+03
7.721000000000000000e+03
2.010000000000000000e+02
5.265000000000000000e+03
6.500000000000000000e+02
6.031000000000000000e+03
4.882000000000000000e+03
7.897000000000000000e+03
5.481000000000000000e+03
5.057000000000000000e+03
8.143000000000000000e+03
2.006000000000000000e+03
9.966000000000000000e+03
6.675000000000000000e+03
2.383000000000000000e+03
6.943000000000000000e+03
8.968000000000000000e+03
8.760000000000000000e+03
1.971000000000000000e+03
3.160000000000000000e+02
4.008000000000000000e+03
2.454000000000000000e+03
5.497000000000000000e+03
5.145000000000000000e+03
9.076000000000000000e+03
3.835000000000000000e+03
8.779000000000000000e+03
6.459000000000000000e+03
9.461000000000000000e+03
9.776000000000000000e+03
9.921000000000000000e+03
5.793000000000000000e+03
8.441000000000000000e+03
2.194000000000000000e+03
7.172000000000000000e+03
8.850000000000000000e+02
8.990000000000000000e+03
4.346000000000000000e+03
8.884000000000000000e+03
7.159000000000000000e+03
6.104000000000000000e+03
7.787000000000000000e+03
7.733000000000000000e+03
9.531000000000000000e+03
9.100000000000000000e+01
7.275000000000000000e+03
2.651000000000000000e+03
6.029000000000000000e+03
3.088000000000000000e+03
4.579000000000000000e+03
1.569000000000000000e+03
2.422000000000000000e+03
5.263000000000000000e+03
7.331000000000000000e+03
7.427000000000000000e+03
2.590000000000000000e+02
6.218000000000000000e+03
3.622000000000000000e+03
4.051000000000000000e+03
9.788000000000000000e+03
3.423000000000000000e+03
1.220000000000000000e+02
5.363000000000000000e+03
8.833000000000000000e+03
8.541000000000000000e+03
2.048000000000000000e+03
3.418000000000000000e+03
3.743000000000000000e+03
9.573000000000000000e+03
1.950000000000000000e+03
6.619000000000000000e+03
8.173000000000000000e+03
4.593000000000000000e+03
8.620000000000000000e+03
7.059000000000000000e+03
5.576000000000000000e+03
7.734000000000000000e+03
6.069000000000000000e+03
7.490000000000000000e+03
2.578000000000000000e+03
6.805000000000000000e+03
6.458000000000000000e+03
1.750000000000000000e+02
6.986000000000000000e+03
2.317000000000000000e+03
8.043000000000000000e+03
8.220000000000000000e+02
2.628000000000000000e+03
8.074000000000000000e+03
6.510000000000000000e+02
4.793000000000000000e+03
5.903000000000000000e+03
3.505000000000000000e+03
7.605000000000000000e+03
7.825000000000000000e+03
9.294000000000000000e+03
3.070000000000000000e+02
7.573000000000000000e+03
3.700000000000000000e+02
7.650000000000000000e+03
4.811000000000000000e+03
7.000000000000000000e+01
8.651000000000000000e+03
3.609000000000000000e+03
2.200000000000000000e+02
7.865000000000000000e+03
9.399000000000000000e+03
7.544000000000000000e+03
2.028000000000000000e+03
3.585000000000000000e+03
6.539000000000000000e+03
2.104000000000000000e+03
8.525000000000000000e+03
1.173000000000000000e+03
7.754000000000000000e+03
6.098000000000000000e+03
3.040000000000000000e+03
4.061000000000000000e+03
3.303000000000000000e+03
4.551000000000000000e+03
1.326000000000000000e+03
6.380000000000000000e+03
6.724000000000000000e+03
3.184000000000000000e+03
9.108000000000000000e+03
3.107000000000000000e+03
7.513000000000000000e+03
2.993000000000000000e+03
7.757000000000000000e+03
3.373000000000000000e+03
1.496000000000000000e+03
5.466000000000000000e+03
1.783000000000000000e+03
9.288000000000000000e+03
6.170000000000000000e+02
5.540000000000000000e+02
3.360000000000000000e+03
8.124000000000000000e+03
2.091000000000000000e+03
2.671000000000000000e+03
5.100000000000000000e+02
7.538000000000000000e+03
6.580000000000000000e+02
4.175000000000000000e+03
3.011000000000000000e+03
1.366000000000000000e+03
4.530000000000000000e+03
9.031000000000000000e+03
6.364000000000000000e+03
6.164000000000000000e+03
5.317000000000000000e+03
9.869000000000000000e+03
2.063000000000000000e+03
1.716000000000000000e+03
6.697000000000000000e+03
4.886000000000000000e+03
7.260000000000000000e+02
5.745000000000000000e+03
9.837000000000000000e+03
3.509000000000000000e+03
2.320000000000000000e+02
6.010000000000000000e+02
1.524000000000000000e+03
9.807000000000000000e+03
3.502000000000000000e+03
2.809000000000000000e+03
2.990000000000000000e+02
2.451000000000000000e+03
7.805000000000000000e+03
1.827000000000000000e+03
3.406000000000000000e+03
4.136000000000000000e+03
5.379000000000000000e+03
5.543000000000000000e+03
3.559000000000000000e+03
2.152000000000000000e+03
7.755000000000000000e+03
4.948000000000000000e+03
1.850000000000000000e+03
8.223000000000000000e+03
4.497000000000000000e+03
8.125000000000000000e+03
6.372000000000000000e+03
1.219000000000000000e+03
8.009000000000000000e+03
3.002000000000000000e+03
3.186000000000000000e+03
3.224000000000000000e+03
4.820000000000000000e+03
2.650000000000000000e+03
7.718000000000000000e+03
2.859000000000000000e+03
6.955000000000000000e+03
6.806000000000000000e+03
8.300000000000000000e+03
9.418000000000000000e+03
3.153000000000000000e+03
3.707000000000000000e+03
4.737000000000000000e+03
2.272000000000000000e+03
2.430000000000000000e+03
4.634000000000000000e+03
1.234000000000000000e+03
7.181000000000000000e+03
9.237000000000000000e+03
4.434000000000000000e+03
6.317000000000000000e+03
5.720000000000000000e+02
7.642000000000000000e+03
4.825000000000000000e+03
2.579000000000000000e+03
2.900000000000000000e+02
1.371000000000000000e+03
4.518000000000000000e+03
6.495000000000000000e+03
4.010000000000000000e+02
9.326000000000000000e+03
7.027000000000000000e+03
5.995000000000000000e+03
1.840000000000000000e+02
9.068000000000000000e+03
7.070000000000000000e+03
6.654000000000000000e+03
4.572000000000000000e+03
4.305000000000000000e+03
5.430000000000000000e+02
6.100000000000000000e+01
8.963000000000000000e+03
4.626000000000000000e+03
8.301000000000000000e+03
3.949000000000000000e+03
4.362000000000000000e+03
2.467000000000000000e+03
7.502000000000000000e+03
9.375000000000000000e+03
8.726000000000000000e+03
7.200000000000000000e+03
5.910000000000000000e+02
4.478000000000000000e+03
4.629000000000000000e+03
5.173000000000000000e+03
1.029000000000000000e+03
7.872000000000000000e+03
7.951000000000000000e+03
3.880000000000000000e+03
8.466000000000000000e+03
6.310000000000000000e+02
4.124000000000000000e+03
4.310000000000000000e+02
7.776000000000000000e+03
2.774000000000000000e+03
5.016000000000000000e+03
5.803000000000000000e+03
7.720000000000000000e+03
5.065000000000000000e+03
8.566000000000000000e+03
4.639000000000000000e+03
7.524000000000000000e+03
6.945000000000000000e+03
3.404000000000000000e+03
8.740000000000000000e+02
6.936000000000000000e+03
9.825000000000000000e+03
3.791000000000000000e+03
7.136000000000000000e+03
8.332000000000000000e+03
2.189000000000000000e+03
1.045000000000000000e+03
6.512000000000000000e+03
7.640000000000000000e+03
8.962000000000000000e+03
4.663000000000000000e+03
2.090000000000000000e+02
9.990000000000000000e+02
2.966000000000000000e+03
6.810000000000000000e+02
4.182000000000000000e+03
1.554000000000000000e+03
1.788000000000000000e+03
1.821000000000000000e+03
2.673000000000000000e+03
9.357000000000000000e+03
4.030000000000000000e+03
6.443000000000000000e+03
5.612000000000000000e+03
1.486000000000000000e+03
6.656000000000000000e+03
7.580000000000000000e+03
4.316000000000000000e+03
4.540000000000000000e+02
8.044000000000000000e+03
3.467000000000000000e+03
1.103000000000000000e+03
7.641000000000000000e+03
7.243000000000000000e+03
8.322000000000000000e+03
3.503000000000000000e+03
5.060000000000000000e+03
8.288000000000000000e+03
4.000000000000000000e+03
3.985000000000000000e+03
3.984000000000000000e+03
7.651000000000000000e+03
2.740000000000000000e+03
2.414000000000000000e+03
9.026000000000000000e+03
2.973000000000000000e+03
5.527000000000000000e+03
6.980000000000000000e+03
4.553000000000000000e+03
3.856000000000000000e+03
1.647000000000000000e+03
4.846000000000000000e+03
9.292000000000000000e+03
9.079000000000000000e+03
9.432000000000000000e+03
4.967000000000000000e+03
2.456000000000000000e+03
4.154000000000000000e+03
1.597000000000000000e+03
2.320000000000000000e+03
3.200000000000000000e+02
7.884000000000000000e+03
3.970000000000000000e+03
4.293000000000000000e+03
6.784000000000000000e+03
7.580000000000000000e+02
5.941000000000000000e+03
1.449000000000000000e+03
5.009000000000000000e+03
7.182000000000000000e+03
3.759000000000000000e+03
4.480000000000000000e+02
8.002000000000000000e+03
8.001000000000000000e+03
8.006000000000000000e+03
2.742000000000000000e+03
7.571000000000000000e+03
9.000000000000000000e+00
2.477000000000000000e+03
9.293000000000000000e+03
7.224000000000000000e+03
9.397000000000000000e+03
7.459000000000000000e+03
5.813000000000000000e+03
5.377000000000000000e+03
2.196000000000000000e+03
2.854000000000000000e+03
6.916000000000000000e+03
6.190000000000000000e+03
2.730000000000000000e+02
8.298000000000000000e+03
3.926000000000000000e+03
3.477000000000000000e+03
1.311000000000000000e+03
2.000000000000000000e+01
1.107000000000000000e+03
4.245000000000000000e+03
9.093000000000000000e+03
