4.776000000000000000e+03
6.798000000000000000e+03
4.628000000000000000e+03
6.590000000000000000e+03
5.006000000000000000e+03
9.951000000000000000e+03
8.325000000000000000e+03
8.845000000000000000e+03
7.855000000000000000e+03
2.593000000000000000e+03
8.657000000000000000e+03
1.987000000000000000e+03
2.631000000000000000e+03
5.603000000000000000e+03
7.537000000000000000e+03
8.243000000000000000e+03
9.666000000000000000e+03
8.335000000000000000e+03
5.301000000000000000e+03
2.932000000000000000e+03
4.992000000000000000e+03
2.527000000000000000e+03
5.483000000000000000e+03
5.033000000000000000e+03
5.257000000000000000e+03
4.241000000000000000e+03
9.897000000000000000e+03
8.016000000000000000e+03
2.842000000000000000e+03
5.307000000000000000e+03
3.219000000000000000e+03
5.990000000000000000e+03
9.930000000000000000e+02
6.428000000000000000e+03
2.960000000000000000e+02
6.309000000000000000e+03
4.641000000000000000e+03
8.514000000000000000e+03
9.455000000000000000e+03
1.830000000000000000e+02
3.210000000000000000e+03
3.050000000000000000e+02
4.834000000000000000e+03
1.411000000000000000e+03
9.459000000000000000e+03
8.179000000000000000e+03
4.900000000000000000e+02
4.959000000000000000e+03
7.139000000000000000e+03
5.930000000000000000e+03
6.532000000000000000e+03
7.190000000000000000e+03
1.621000000000000000e+03
2.188000000000000000e+03
3.120000000000000000e+02
6.072000000000000000e+03
6.344000000000000000e+03
2.733000000000000000e+03
8.114000000000000000e+03
3.903000000000000000e+03
9.239000000000000000e+03
8.798000000000000000e+03
7.202000000000000000e+03
2.942000000000000000e+03
1.570000000000000000e+03
4.857000000000000000e+03
9.174000000000000000e+03
4.065000000000000000e+03
7.866000000000000000e+03
2.185000000000000000e+03
3.242000000000000000e+03
8.172000000000000000e+03
8.199000000000000000e+03
6.264000000000000000e+03
8.764000000000000000e+03
5.791000000000000000e+03
6.444000000000000000e+03
1.775000000000000000e+03
2.800000000000000000e+01
9.320000000000000000e+02
4.188000000000000000e+03
1.533000000000000000e+03
2.042000000000000000e+03
1.558000000000000000e+03
2.970000000000000000e+02
3.000000000000000000e+00
7.817000000000000000e+03
8.921000000000000000e+03
3.805000000000000000e+03
8.772000000000000000e+03
3.460000000000000000e+02
1.445000000000000000e+03
9.634000000000000000e+03
8.859000000000000000e+03
8.992000000000000000e+03
1.034000000000000000e+03
6.211000000000000000e+03
9.757000000000000000e+03
4.495000000000000000e+03
3.634000000000000000e+03
8.045000000000000000e+03
5.637000000000000000e+03
7.087000000000000000e+03
1.038000000000000000e+03
4.800000000000000000e+02
5.327000000000000000e+03
2.245000000000000000e+03
5.535000000000000000e+03
4.491000000000000000e+03
3.430000000000000000e+03
2.030000000000000000e+02
6.515000000000000000e+03
7.399000000000000000e+03
8.164000000000000000e+03
2.670000000000000000e+02
9.984000000000000000e+03
5.880000000000000000e+03
6.729000000000000000e+03
7.608000000000000000e+03
9.274000000000000000e+03
4.036000000000000000e+03
8.360000000000000000e+02
8.480000000000000000e+02
9.670000000000000000e+02
3.779000000000000000e+03
1.900000000000000000e+02
4.014000000000000000e+03
9.002000000000000000e+03
4.212000000000000000e+03
1.910000000000000000e+02
5.848000000000000000e+03
3.027000000000000000e+03
3.866000000000000000e+03
1.760000000000000000e+03
1.986000000000000000e+03
7.232000000000000000e+03
5.978000000000000000e+03
7.048000000000000000e+03
9.556000000000000000e+03
2.266000000000000000e+03
2.182000000000000000e+03
4.871000000000000000e+03
9.140000000000000000e+03
7.890000000000000000e+03
3.281000000000000000e+03
9.790000000000000000e+02
8.020000000000000000e+03
2.287000000000000000e+03
1.680000000000000000e+02
1.667000000000000000e+03
2.816000000000000000e+03
5.025000000000000000e+03
3.761000000000000000e+03
2.071000000000000000e+03
8.068000000000000000e+03
4.035000000000000000e+03
9.499000000000000000e+03
3.679000000000000000e+03
6.506000000000000000e+03
3.770000000000000000e+02
1.945000000000000000e+03
2.704000000000000000e+03
3.019000000000000000e+03
8.500000000000000000e+02
8.459000000000000000e+03
9.912000000000000000e+03
6.868000000000000000e+03
6.419000000000000000e+03
8.633000000000000000e+03
2.974000000000000000e+03
2.720000000000000000e+02
3.014000000000000000e+03
9.799000000000000000e+03
7.748000000000000000e+03
7.847000000000000000e+03
8.666000000000000000e+03
7.290000000000000000e+03
5.699000000000000000e+03
6.232000000000000000e+03
3.930000000000000000e+02
6.058000000000000000e+03
3.747000000000000000e+03
1.370000000000000000e+02
3.148000000000000000e+03
1.960000000000000000e+02
8.352000000000000000e+03
6.310000000000000000e+03
6.644000000000000000e+03
5.370000000000000000e+03
9.518000000000000000e+03
9.630000000000000000e+02
7.600000000000000000e+03
3.420000000000000000e+03
9.400000000000000000e+01
3.420000000000000000e+02
6.397000000000000000e+03
2.950000000000000000e+03
6.622000000000000000e+03
1.890000000000000000e+02
9.480000000000000000e+02
3.280000000000000000e+03
6.993000000000000000e+03
5.470000000000000000e+02
6.052000000000000000e+03
3.630000000000000000e+02
6.203000000000000000e+03
5.119000000000000000e+03
7.635000000000000000e+03
1.210000000000000000e+03
7.483000000000000000e+03
4.985000000000000000e+03
2.602000000000000000e+03
3.310000000000000000e+02
9.369000000000000000e+03
9.847000000000000000e+03
9.613000000000000000e+03
3.566000000000000000e+03
9.510000000000000000e+03
9.050000000000000000e+02
1.644000000000000000e+03
8.966000000000000000e+03
9.341000000000000000e+03
2.176000000000000000e+03
3.731000000000000000e+03
5.390000000000000000e+03
7.785000000000000000e+03
6.939000000000000000e+03
6.530000000000000000e+02
2.864000000000000000e+03
2.491000000000000000e+03
7.364000000000000000e+03
4.899000000000000000e+03
9.874000000000000000e+03
1.860000000000000000e+02
9.664000000000000000e+03
2.741000000000000000e+03
2.940000000000000000e+03
1.817000000000000000e+03
6.111000000000000000e+03
3.785000000000000000e+03
7.440000000000000000e+02
8.200000000000000000e+01
1.514000000000000000e+03
6.574000000000000000e+03
5.717000000000000000e+03
8.031000000000000000e+03
3.811000000000000000e+03
4.997000000000000000e+03
7.163000000000000000e+03
4.670000000000000000e+02
3.367000000000000000e+03
4.038000000000000000e+03
9.716000000000000000e+03
6.820000000000000000e+03
2.110000000000000000e+03
7.935000000000000000e+03
8.225000000000000000e+03
9.129000000000000000e+03
4.716000000000000000e+03
1.546000000000000000e+03
7.150000000000000000e+02
3.327000000000000000e+03
4.367000000000000000e+03
9.181000000000000000e+03
1.506000000000000000e+03
1.932000000000000000e+03
2.296000000000000000e+03
8.047000000000000000e+03
3.500000000000000000e+01
7.724000000000000000e+03
9.578000000000000000e+03
7.840000000000000000e+03
7.135000000000000000e+03
9.800000000000000000e+02
6.989000000000000000e+03
8.460000000000000000e+03
9.446000000000000000e+03
4.805000000000000000e+03
3.514000000000000000e+03
6.800000000000000000e+03
7.945000000000000000e+03
6.929000000000000000e+03
7.235000000000000000e+03
5.820000000000000000e+03
4.801000000000000000e+03
2.861000000000000000e+03
1.656000000000000000e+03
5.763000000000000000e+03
5.149000000000000000e+03
3.599000000000000000e+03
3.547000000000000000e+03
4.920000000000000000e+02
9.904000000000000000e+03
4.354000000000000000e+03
8.280000000000000000e+02
2.058000000000000000e+03
1.056000000000000000e+03
8.920000000000000000e+02
2.439000000000000000e+03
3.116000000000000000e+03
2.799000000000000000e+03
9.914000000000000000e+03
1.607000000000000000e+03
1.490000000000000000e+03
3.340000000000000000e+02
5.067000000000000000e+03
6.107000000000000000e+03
4.080000000000000000e+02
1.683000000000000000e+03
2.884000000000000000e+03
9.007000000000000000e+03
7.479000000000000000e+03
4.437000000000000000e+03
3.742000000000000000e+03
9.889000000000000000e+03
5.674000000000000000e+03
6.140000000000000000e+02
9.524000000000000000e+03
5.356000000000000000e+03
1.513000000000000000e+03
4.509000000000000000e+03
8.154000000000000000e+03
3.390000000000000000e+03
3.824000000000000000e+03
3.217000000000000000e+03
6.290000000000000000e+03
7.207000000000000000e+03
2.364000000000000000e+03
5.328000000000000000e+03
1.997000000000000000e+03
5.336000000000000000e+03
9.797000000000000000e+03
9.760000000000000000e+02
1.239000000000000000e+03
6.160000000000000000e+03
6.312000000000000000e+03
1.150000000000000000e+03
7.798000000000000000e+03
2.080000000000000000e+03
4.630000000000000000e+03
4.535000000000000000e+03
2.072000000000000000e+03
2.575000000000000000e+03
2.408000000000000000e+03
1.586000000000000000e+03
5.955000000000000000e+03
2.647000000000000000e+03
8.864000000000000000e+03
9.812000000000000000e+03
9.073000000000000000e+03
7.858000000000000000e+03
5.892000000000000000e+03
8.811000000000000000e+03
3.430000000000000000e+02
5.418000000000000000e+03
7.257000000000000000e+03
5.585000000000000000e+03
5.740000000000000000e+03
6.790000000000000000e+03
8.393000000000000000e+03
7.185000000000000000e+03
3.283000000000000000e+03
7.484000000000000000e+03
7.117000000000000000e+03
9.580000000000000000e+02
8.010000000000000000e+02
2.280000000000000000e+03
6.722000000000000000e+03
9.380000000000000000e+02
3.486000000000000000e+03
6.184000000000000000e+03
9.363000000000000000e+03
6.432000000000000000e+03
9.202000000000000000e+03
7.075000000000000000e+03
8.337000000000000000e+03
3.100000000000000000e+02
2.050000000000000000e+02
8.397000000000000000e+03
1.601000000000000000e+03
3.083000000000000000e+03
7.501000000000000000e+03
1.503000000000000000e+03
3.549000000000000000e+03
1.797000000000000000e+03
3.082000000000000000e+03
8.674000000000000000e+03
1.384000000000000000e+03
4.688000000000000000e+03
4.002000000000000000e+03
7.211000000000000000e+03
7.374000000000000000e+03
7.340000000000000000e+02
1.042000000000000000e+03
8.780000000000000000e+03
2.031000000000000000e+03
1.298000000000000000e+03
1.738000000000000000e+03
7.250000000000000000e+03
9.430000000000000000e+03
1.391000000000000000e+03
5.664000000000000000e+03
6.169000000000000000e+03
9.718000000000000000e+03
4.071000000000000000e+03
9.208000000000000000e+03
7.910000000000000000e+03
2.480000000000000000e+02
5.110000000000000000e+02
3.726000000000000000e+03
8.178000000000000000e+03
5.076000000000000000e+03
4.893000000000000000e+03
1.178000000000000000e+03
1.701000000000000000e+03
7.425000000000000000e+03
1.900000000000000000e+01
9.353000000000000000e+03
8.577000000000000000e+03
6.332000000000000000e+03
1.989000000000000000e+03
3.233000000000000000e+03
8.416000000000000000e+03
2.708000000000000000e+03
9.492000000000000000e+03
3.758000000000000000e+03
3.431000000000000000e+03
8.347000000000000000e+03
5.047000000000000000e+03
3.298000000000000000e+03
1.306000000000000000e+03
7.220000000000000000e+02
6.529000000000000000e+03
1.461000000000000000e+03
9.104000000000000000e+03
7.696000000000000000e+03
4.912000000000000000e+03
3.530000000000000000e+03
8.204000000000000000e+03
5.027000000000000000e+03
9.997000000000000000e+03
8.917000000000000000e+03
9.680000000000000000e+02
3.684000000000000000e+03
3.542000000000000000e+03
5.816000000000000000e+03
6.396000000000000000e+03
5.986000000000000000e+03
1.090000000000000000e+02
6.911000000000000000e+03
3.377000000000000000e+03
9.906000000000000000e+03
7.316000000000000000e+03
9.530000000000000000e+02
9.738000000000000000e+03
1.963000000000000000e+03
3.172000000000000000e+03
5.509000000000000000e+03
9.012000000000000000e+03
9.253000000000000000e+03
8.395000000000000000e+03
8.061000000000000000e+03
5.631000000000000000e+03
3.249000000000000000e+03
7.972000000000000000e+03
3.551000000000000000e+03
4.483000000000000000e+03
4.514000000000000000e+03
7.366000000000000000e+03
1.078000000000000000e+03
6.000000000000000000e+00
6.066000000000000000e+03
5.256000000000000000e+03
7.662000000000000000e+03
2.306000000000000000e+03
7.480000000000000000e+02
3.875000000000000000e+03
3.123000000000000000e+03
2.197000000000000000e+03
9.537000000000000000e+03
1.488000000000000000e+03
6.990000000000000000e+03
4.998000000000000000e+03
5.923000000000000000e+03
9.047000000000000000e+03
6.369000000000000000e+03
4.223000000000000000e+03
7.726000000000000000e+03
3.169000000000000000e+03
8.255000000000000000e+03
6.268000000000000000e+03
4.751000000000000000e+03
8.822000000000000000e+03
8.812000000000000000e+03
5.825000000000000000e+03
8.406000000000000000e+03
6.769000000000000000e+03
7.169000000000000000e+03
4.221000000000000000e+03
2.900000000000000000e+03
8.660000000000000000e+02
1.737000000000000000e+03
1.270000000000000000e+02
4.569000000000000000e+03
7.715000000000000000e+03
3.898000000000000000e+03
1.693000000000000000e+03
6.142000000000000000e+03
2.558000000000000000e+03
7.672000000000000000e+03
3.950000000000000000e+02
4.696000000000000000e+03
5.910000000000000000e+03
6.077000000000000000e+03
9.600000000000000000e+03
6.598000000000000000e+03
2.113000000000000000e+03
8.690000000000000000e+02
3.970000000000000000e+02
2.190000000000000000e+02
3.028000000000000000e+03
8.863000000000000000e+03
9.651000000000000000e+03
3.022000000000000000e+03
4.463000000000000000e+03
7.304000000000000000e+03
4.472000000000000000e+03
8.632000000000000000e+03
3.007000000000000000e+03
2.855000000000000000e+03
1.810000000000000000e+03
7.752000000000000000e+03
3.654000000000000000e+03
4.271000000000000000e+03
3.591000000000000000e+03
2.073000000000000000e+03
4.233000000000000000e+03
9.588000000000000000e+03
4.830000000000000000e+03
6.155000000000000000e+03
9.176000000000000000e+03
7.475000000000000000e+03
5.325000000000000000e+03
9.606000000000000000e+03
7.958000000000000000e+03
5.488000000000000000e+03
6.518000000000000000e+03
6.899000000000000000e+03
3.968000000000000000e+03
5.658000000000000000e+03
2.797000000000000000e+03
9.970000000000000000e+03
9.523000000000000000e+03
1.376000000000000000e+03
3.902000000000000000e+03
1.847000000000000000e+03
1.089000000000000000e+03
4.844000000000000000e+03
4.094000000000000000e+03
5.194000000000000000e+03
4.338000000000000000e+03
4.312000000000000000e+03
1.046000000000000000e+03
1.940000000000000000e+03
6.886000000000000000e+03
9.340000000000000000e+02
1.073000000000000000e+03
5.662000000000000000e+03
3.590000000000000000e+03
3.199000000000000000e+03
6.981000000000000000e+03
5.102000000000000000e+03
9.427000000000000000e+03
1.755000000000000000e+03
8.062000000000000000e+03
2.810000000000000000e+03
7.324000000000000000e+03
8.132000000000000000e+03
6.043000000000000000e+03
5.021000000000000000e+03
6.977000000000000000e+03
3.470000000000000000e+02
2.686000000000000000e+03
4.422000000000000000e+03
1.406000000000000000e+03
6.746000000000000000e+03
3.952000000000000000e+03
1.846000000000000000e+03
6.832000000000000000e+03
8.445000000000000000e+03
3.560000000000000000e+02
2.400000000000000000e+03
3.907000000000000000e+03
4.711000000000000000e+03
8.835000000000000000e+03
7.200000000000000000e+02
3.334000000000000000e+03
4.810000000000000000e+03
7.003000000000000000e+03
1.954000000000000000e+03
7.668000000000000000e+03
9.050000000000000000e+03
3.067000000000000000e+03
8.771000000000000000e+03
6.782000000000000000e+03
5.958000000000000000e+03
5.401000000000000000e+03
5.619000000000000000e+03
4.570000000000000000e+02
7.415000000000000000e+03
9.598000000000000000e+03
2.620000000000000000e+03
3.610000000000000000e+02
3.269000000000000000e+03
7.240000000000000000e+02
8.546000000000000000e+03
3.725000000000000000e+03
8.474000000000000000e+03
3.222000000000000000e+03
1.880000000000000000e+03
2.000000000000000000e+03
6.029000000000000000e+03
3.978000000000000000e+03
8.464000000000000000e+03
1.014000000000000000e+03
3.948000000000000000e+03
5.441000000000000000e+03
6.179000000000000000e+03
8.013000000000000000e+03
2.047000000000000000e+03
4.620000000000000000e+02
5.590000000000000000e+02
6.749000000000000000e+03
2.383000000000000000e+03
1.822000000000000000e+03
7.078000000000000000e+03
2.759000000000000000e+03
2.469000000000000000e+03
9.908000000000000000e+03
5.834000000000000000e+03
6.896000000000000000e+03
7.430000000000000000e+02
6.230000000000000000e+02
9.424000000000000000e+03
8.211000000000000000e+03
4.446000000000000000e+03
8.588000000000000000e+03
1.951000000000000000e+03
6.630000000000000000e+03
4.765000000000000000e+03
5.030000000000000000e+03
2.609000000000000000e+03
2.458000000000000000e+03
6.425000000000000000e+03
3.141000000000000000e+03
4.347000000000000000e+03
1.377000000000000000e+03
3.395000000000000000e+03
3.660000000000000000e+02
9.195000000000000000e+03
5.286000000000000000e+03
5.599000000000000000e+03
7.275000000000000000e+03
9.504000000000000000e+03
9.938000000000000000e+03
9.437000000000000000e+03
4.441000000000000000e+03
1.578000000000000000e+03
5.693000000000000000e+03
5.391000000000000000e+03
2.116000000000000000e+03
8.336000000000000000e+03
7.546000000000000000e+03
8.191000000000000000e+03
4.875000000000000000e+03
9.053000000000000000e+03
6.002000000000000000e+03
9.532000000000000000e+03
8.256000000000000000e+03
9.149000000000000000e+03
1.380000000000000000e+02
6.113000000000000000e+03
3.931000000000000000e+03
2.791000000000000000e+03
3.935000000000000000e+03
7.709000000000000000e+03
3.254000000000000000e+03
9.355000000000000000e+03
7.188000000000000000e+03
7.213000000000000000e+03
4.571000000000000000e+03
6.842000000000000000e+03
3.688000000000000000e+03
7.017000000000000000e+03
1.982000000000000000e+03
5.332000000000000000e+03
8.133000000000000000e+03
8.200000000000000000e+02
4.831000000000000000e+03
6.531000000000000000e+03
9.806000000000000000e+03
5.663000000000000000e+03
1.326000000000000000e+03
4.593000000000000000e+03
9.019000000000000000e+03
5.412000000000000000e+03
7.560000000000000000e+02
3.400000000000000000e+01
2.507000000000000000e+03
3.976000000000000000e+03
9.637000000000000000e+03
4.940000000000000000e+02
6.000000000000000000e+01
8.064000000000000000e+03
7.500000000000000000e+01
1.104000000000000000e+03
1.220000000000000000e+02
9.448000000000000000e+03
3.573000000000000000e+03
8.475000000000000000e+03
6.149000000000000000e+03
2.513000000000000000e+03
1.887000000000000000e+03
6.306000000000000000e+03
7.927000000000000000e+03
6.539000000000000000e+03
9.864000000000000000e+03
7.028000000000000000e+03
2.730000000000000000e+03
6.960000000000000000e+03
9.270000000000000000e+03
6.017000000000000000e+03
3.997000000000000000e+03
8.698000000000000000e+03
6.260000000000000000e+02
1.710000000000000000e+03
4.453000000000000000e+03
2.665000000000000000e+03
2.187000000000000000e+03
6.619000000000000000e+03
3.993000000000000000e+03
1.140000000000000000e+02
3.107000000000000000e+03
3.054000000000000000e+03
7.145000000000000000e+03
2.837000000000000000e+03
2.399000000000000000e+03
3.109000000000000000e+03
8.110000000000000000e+03
6.724000000000000000e+03
2.841000000000000000e+03
2.578000000000000000e+03
9.560000000000000000e+03
6.576000000000000000e+03
7.645000000000000000e+03
6.954000000000000000e+03
3.719000000000000000e+03
4.865000000000000000e+03
3.878000000000000000e+03
4.027000000000000000e+03
1.346000000000000000e+03
3.632000000000000000e+03
8.300000000000000000e+01
4.083000000000000000e+03
7.744000000000000000e+03
6.339000000000000000e+03
6.662000000000000000e+03
1.498000000000000000e+03
7.915000000000000000e+03
9.300000000000000000e+03
9.077000000000000000e+03
9.302000000000000000e+03
3.208000000000000000e+03
7.695000000000000000e+03
3.103000000000000000e+03
7.050000000000000000e+02
5.835000000000000000e+03
6.992000000000000000e+03
8.641000000000000000e+03
3.973000000000000000e+03
4.423000000000000000e+03
6.326000000000000000e+03
2.646000000000000000e+03
9.101000000000000000e+03
9.314000000000000000e+03
8.786000000000000000e+03
2.540000000000000000e+02
2.290000000000000000e+02
1.875000000000000000e+03
5.714000000000000000e+03
2.377000000000000000e+03
7.300000000000000000e+02
9.486000000000000000e+03
4.551000000000000000e+03
1.410000000000000000e+02
9.869000000000000000e+03
1.091000000000000000e+03
8.911000000000000000e+03
6.050000000000000000e+02
6.188000000000000000e+03
9.402000000000000000e+03
5.403000000000000000e+03
3.065000000000000000e+03
6.930000000000000000e+02
8.778000000000000000e+03
3.635000000000000000e+03
5.198000000000000000e+03
2.608000000000000000e+03
9.271000000000000000e+03
1.717000000000000000e+03
8.649000000000000000e+03
1.052000000000000000e+03
1.185000000000000000e+03
1.790000000000000000e+02
9.020000000000000000e+03
9.116000000000000000e+03
4.455000000000000000e+03
4.399000000000000000e+03
7.444000000000000000e+03
3.319000000000000000e+03
2.065000000000000000e+03
9.712000000000000000e+03
2.260000000000000000e+02
9.900000000000000000e+03
6.755000000000000000e+03
8.065000000000000000e+03
3.062000000000000000e+03
9.967000000000000000e+03
6.137000000000000000e+03
2.213000000000000000e+03
4.797000000000000000e+03
7.663000000000000000e+03
8.097000000000000000e+03
5.200000000000000000e+02
9.980000000000000000e+02
9.817000000000000000e+03
8.294000000000000000e+03
8.689000000000000000e+03
3.737000000000000000e+03
5.236000000000000000e+03
4.839000000000000000e+03
4.310000000000000000e+02
5.288000000000000000e+03
8.135000000000000000e+03
6.004000000000000000e+03
3.868000000000000000e+03
9.694000000000000000e+03
4.305000000000000000e+03
4.750000000000000000e+03
9.936000000000000000e+03
3.583000000000000000e+03
9.744000000000000000e+03
9.610000000000000000e+02
4.601000000000000000e+03
4.789000000000000000e+03
7.455000000000000000e+03
1.955000000000000000e+03
8.806000000000000000e+03
6.327000000000000000e+03
6.347000000000000000e+03
7.313000000000000000e+03
3.727000000000000000e+03
7.666000000000000000e+03
6.153000000000000000e+03
9.748000000000000000e+03
6.935000000000000000e+03
4.756000000000000000e+03
2.149000000000000000e+03
7.767000000000000000e+03
3.732000000000000000e+03
1.524000000000000000e+03
9.667000000000000000e+03
9.506000000000000000e+03
8.725000000000000000e+03
5.547000000000000000e+03
9.926000000000000000e+03
3.343000000000000000e+03
4.496000000000000000e+03
2.552000000000000000e+03
4.124000000000000000e+03
2.309000000000000000e+03
2.219000000000000000e+03
9.110000000000000000e+03
1.740000000000000000e+03
7.220000000000000000e+03
5.820000000000000000e+02
2.550000000000000000e+03
8.279000000000000000e+03
5.720000000000000000e+02
4.960000000000000000e+03
4.879000000000000000e+03
3.816000000000000000e+03
5.011000000000000000e+03
6.275000000000000000e+03
2.430000000000000000e+03
4.126000000000000000e+03
5.478000000000000000e+03
6.495000000000000000e+03
2.770000000000000000e+02
8.437000000000000000e+03
6.303000000000000000e+03
2.414000000000000000e+03
9.973000000000000000e+03
3.924000000000000000e+03
1.964000000000000000e+03
7.089000000000000000e+03
2.694000000000000000e+03
4.158000000000000000e+03
4.272000000000000000e+03
3.687000000000000000e+03
1.005000000000000000e+03
3.034000000000000000e+03
4.901000000000000000e+03
5.279000000000000000e+03
5.587000000000000000e+03
6.420000000000000000e+03
5.784000000000000000e+03
4.967000000000000000e+03
8.146000000000000000e+03
4.154000000000000000e+03
6.524000000000000000e+03
7.592000000000000000e+03
9.767000000000000000e+03
5.719000000000000000e+03
6.747000000000000000e+03
8.827000000000000000e+03
4.293000000000000000e+03
9.023000000000000000e+03
1.532000000000000000e+03
2.548000000000000000e+03
4.663000000000000000e+03
4.257000000000000000e+03
5.447000000000000000e+03
2.840000000000000000e+02
1.247000000000000000e+03
7.515000000000000000e+03
1.508000000000000000e+03
6.718000000000000000e+03
2.883000000000000000e+03
3.005000000000000000e+03
4.692000000000000000e+03
2.934000000000000000e+03
2.477000000000000000e+03
3.220000000000000000e+02
4.426000000000000000e+03
4.659000000000000000e+03
7.580000000000000000e+02
9.144000000000000000e+03
1.631000000000000000e+03
2.274000000000000000e+03
1.500000000000000000e+02
6.416000000000000000e+03
5.182000000000000000e+03
7.242000000000000000e+03
6.608000000000000000e+03
5.352000000000000000e+03
1.714000000000000000e+03
5.315000000000000000e+03
2.320000000000000000e+03
2.068000000000000000e+03
3.472000000000000000e+03
4.835000000000000000e+03
7.730000000000000000e+02
3.460000000000000000e+03
3.060000000000000000e+03
1.906000000000000000e+03
9.292000000000000000e+03
8.330000000000000000e+02
1.308000000000000000e+03
2.755000000000000000e+03
9.638000000000000000e+03
4.843000000000000000e+03
1.304000000000000000e+03
8.006000000000000000e+03
2.310000000000000000e+03
5.527000000000000000e+03
1.429000000000000000e+03
6.496000000000000000e+03
6.047000000000000000e+03
8.935000000000000000e+03
5.753000000000000000e+03
8.130000000000000000e+02
1.873000000000000000e+03
9.544000000000000000e+03
9.920000000000000000e+02
1.869000000000000000e+03
1.881000000000000000e+03
7.641000000000000000e+03
8.181000000000000000e+03
4.174000000000000000e+03
6.998000000000000000e+03
7.571000000000000000e+03
1.428000000000000000e+03
6.409000000000000000e+03
3.459000000000000000e+03
3.984000000000000000e+03
9.397000000000000000e+03
4.550000000000000000e+03
7.384000000000000000e+03
4.088000000000000000e+03
