7.337000000000000000e+03
5.155000000000000000e+03
3.895000000000000000e+03
3.013000000000000000e+03
8.152000000000000000e+03
9.179000000000000000e+03
5.337000000000000000e+03
8.221000000000000000e+03
2.304000000000000000e+03
1.061000000000000000e+03
6.633000000000000000e+03
2.023000000000000000e+03
9.080000000000000000e+03
5.990000000000000000e+03
3.358000000000000000e+03
6.293000000000000000e+03
7.868000000000000000e+03
8.738000000000000000e+03
4.935000000000000000e+03
1.940000000000000000e+02
1.218000000000000000e+03
2.096000000000000000e+03
6.892000000000000000e+03
7.898000000000000000e+03
4.614000000000000000e+03
1.692000000000000000e+03
9.038000000000000000e+03
6.590000000000000000e+03
5.778000000000000000e+03
5.695000000000000000e+03
7.989000000000000000e+03
6.015000000000000000e+03
7.933000000000000000e+03
7.130000000000000000e+02
1.195000000000000000e+03
8.691000000000000000e+03
6.062000000000000000e+03
2.748000000000000000e+03
5.141000000000000000e+03
8.514000000000000000e+03
3.191000000000000000e+03
2.294000000000000000e+03
6.473000000000000000e+03
4.628000000000000000e+03
9.325000000000000000e+03
6.968000000000000000e+03
4.959000000000000000e+03
7.780000000000000000e+03
2.485000000000000000e+03
9.677000000000000000e+03
5.890000000000000000e+03
2.531000000000000000e+03
4.070000000000000000e+02
8.978000000000000000e+03
5.567000000000000000e+03
8.710000000000000000e+02
3.479000000000000000e+03
4.370000000000000000e+03
1.535000000000000000e+03
8.798000000000000000e+03
3.050000000000000000e+02
5.051000000000000000e+03
2.942000000000000000e+03
6.970000000000000000e+03
5.827000000000000000e+03
2.592000000000000000e+03
3.110000000000000000e+02
2.962000000000000000e+03
4.515000000000000000e+03
3.346000000000000000e+03
4.188000000000000000e+03
2.318000000000000000e+03
4.348000000000000000e+03
7.190000000000000000e+03
6.588000000000000000e+03
2.899000000000000000e+03
9.633000000000000000e+03
6.211000000000000000e+03
9.167000000000000000e+03
5.353000000000000000e+03
2.370000000000000000e+03
8.373000000000000000e+03
4.327000000000000000e+03
1.764000000000000000e+03
4.957000000000000000e+03
1.870000000000000000e+03
2.333000000000000000e+03
5.513000000000000000e+03
2.747000000000000000e+03
2.761000000000000000e+03
4.155000000000000000e+03
4.650000000000000000e+03
8.558000000000000000e+03
1.260000000000000000e+02
9.162000000000000000e+03
2.217000000000000000e+03
9.377000000000000000e+03
3.170000000000000000e+03
5.673000000000000000e+03
8.212000000000000000e+03
2.027000000000000000e+03
4.077000000000000000e+03
7.928000000000000000e+03
3.457000000000000000e+03
5.128000000000000000e+03
2.504000000000000000e+03
8.604000000000000000e+03
4.304000000000000000e+03
9.520000000000000000e+03
4.871000000000000000e+03
8.568000000000000000e+03
5.227000000000000000e+03
3.281000000000000000e+03
9.955000000000000000e+03
1.548000000000000000e+03
7.618000000000000000e+03
8.850000000000000000e+03
7.665000000000000000e+03
7.856000000000000000e+03
8.995000000000000000e+03
5.809000000000000000e+03
8.048000000000000000e+03
1.011000000000000000e+03
8.986000000000000000e+03
3.430000000000000000e+03
6.901000000000000000e+03
9.940000000000000000e+02
1.254000000000000000e+03
3.471000000000000000e+03
6.233000000000000000e+03
1.193000000000000000e+03
4.646000000000000000e+03
5.399000000000000000e+03
8.930000000000000000e+03
9.335000000000000000e+03
7.658000000000000000e+03
2.825000000000000000e+03
1.019000000000000000e+03
6.868000000000000000e+03
4.516000000000000000e+03
8.682000000000000000e+03
6.125000000000000000e+03
7.442000000000000000e+03
7.217000000000000000e+03
5.953000000000000000e+03
3.850000000000000000e+02
4.708000000000000000e+03
5.092000000000000000e+03
9.643000000000000000e+03
5.232000000000000000e+03
9.096000000000000000e+03
7.023000000000000000e+03
8.819000000000000000e+03
8.809000000000000000e+03
5.156000000000000000e+03
5.211000000000000000e+03
4.917000000000000000e+03
8.229000000000000000e+03
5.661000000000000000e+03
8.088000000000000000e+03
1.659000000000000000e+03
4.984000000000000000e+03
9.249000000000000000e+03
9.912000000000000000e+03
6.750000000000000000e+02
2.510000000000000000e+03
9.120000000000000000e+03
5.384000000000000000e+03
9.140000000000000000e+03
7.717000000000000000e+03
2.912000000000000000e+03
6.783000000000000000e+03
4.267000000000000000e+03
2.720000000000000000e+02
2.928000000000000000e+03
2.182000000000000000e+03
2.040000000000000000e+02
1.897000000000000000e+03
8.509000000000000000e+03
8.914000000000000000e+03
3.593000000000000000e+03
9.049000000000000000e+03
3.464000000000000000e+03
2.017000000000000000e+03
1.773000000000000000e+03
7.395000000000000000e+03
9.898000000000000000e+03
4.931000000000000000e+03
5.499000000000000000e+03
7.014000000000000000e+03
9.143000000000000000e+03
2.366000000000000000e+03
7.784000000000000000e+03
4.687000000000000000e+03
9.790000000000000000e+02
8.418000000000000000e+03
9.715000000000000000e+03
5.113000000000000000e+03
7.262000000000000000e+03
7.802000000000000000e+03
9.379000000000000000e+03
7.345000000000000000e+03
6.217000000000000000e+03
5.024000000000000000e+03
1.506000000000000000e+03
7.154000000000000000e+03
8.161000000000000000e+03
8.353000000000000000e+03
5.820000000000000000e+03
8.036000000000000000e+03
7.359000000000000000e+03
4.710000000000000000e+03
4.180000000000000000e+02
5.502000000000000000e+03
8.165000000000000000e+03
9.913000000000000000e+03
2.496000000000000000e+03
4.274000000000000000e+03
9.050000000000000000e+02
5.160000000000000000e+02
6.340000000000000000e+03
3.547000000000000000e+03
8.521000000000000000e+03
5.120000000000000000e+03
8.168000000000000000e+03
2.621000000000000000e+03
9.798000000000000000e+03
1.470000000000000000e+02
8.280000000000000000e+02
9.215000000000000000e+03
7.245000000000000000e+03
7.308000000000000000e+03
9.118000000000000000e+03
2.374000000000000000e+03
4.230000000000000000e+02
5.626000000000000000e+03
5.767000000000000000e+03
4.969000000000000000e+03
8.950000000000000000e+03
6.698000000000000000e+03
1.227000000000000000e+03
7.762000000000000000e+03
1.871000000000000000e+03
2.726000000000000000e+03
6.084000000000000000e+03
1.891000000000000000e+03
5.692000000000000000e+03
8.646000000000000000e+03
9.210000000000000000e+02
9.111000000000000000e+03
9.500000000000000000e+03
5.605000000000000000e+03
8.482000000000000000e+03
3.510000000000000000e+03
5.089000000000000000e+03
3.180000000000000000e+02
1.863000000000000000e+03
6.949000000000000000e+03
4.573000000000000000e+03
1.412000000000000000e+03
7.310000000000000000e+02
5.641000000000000000e+03
4.549000000000000000e+03
9.220000000000000000e+02
5.360000000000000000e+02
2.864000000000000000e+03
7.184000000000000000e+03
3.415000000000000000e+03
1.860000000000000000e+02
5.595000000000000000e+03
5.494000000000000000e+03
5.515000000000000000e+03
3.628000000000000000e+03
8.648000000000000000e+03
1.485000000000000000e+03
3.909000000000000000e+03
3.258000000000000000e+03
3.210000000000000000e+02
3.900000000000000000e+02
5.127000000000000000e+03
3.212000000000000000e+03
1.138000000000000000e+03
6.281000000000000000e+03
4.560000000000000000e+02
6.225000000000000000e+03
8.450000000000000000e+03
9.010000000000000000e+03
9.849000000000000000e+03
7.935000000000000000e+03
2.635000000000000000e+03
3.047000000000000000e+03
5.045000000000000000e+03
9.259000000000000000e+03
1.459000000000000000e+03
5.053000000000000000e+03
8.345000000000000000e+03
9.490000000000000000e+03
3.522000000000000000e+03
6.412000000000000000e+03
5.921000000000000000e+03
1.950000000000000000e+02
5.841000000000000000e+03
4.106000000000000000e+03
7.233000000000000000e+03
3.090000000000000000e+02
7.470000000000000000e+03
3.953000000000000000e+03
2.025000000000000000e+03
5.309000000000000000e+03
3.167000000000000000e+03
1.681000000000000000e+03
4.688000000000000000e+03
5.074000000000000000e+03
1.480000000000000000e+03
5.140000000000000000e+03
1.472000000000000000e+03
4.244000000000000000e+03
4.796000000000000000e+03
9.022000000000000000e+03
4.605000000000000000e+03
6.075000000000000000e+03
9.000000000000000000e+01
7.252000000000000000e+03
2.914000000000000000e+03
6.857000000000000000e+03
8.900000000000000000e+02
6.160000000000000000e+03
5.690000000000000000e+02
3.120000000000000000e+03
4.087000000000000000e+03
7.470000000000000000e+02
7.398000000000000000e+03
1.067000000000000000e+03
8.867000000000000000e+03
4.785000000000000000e+03
5.280000000000000000e+02
5.260000000000000000e+02
8.411000000000000000e+03
4.894000000000000000e+03
1.804000000000000000e+03
6.370000000000000000e+02
6.940000000000000000e+03
9.654000000000000000e+03
2.300000000000000000e+02
9.501000000000000000e+03
2.807000000000000000e+03
1.797000000000000000e+03
5.764000000000000000e+03
9.270000000000000000e+02
5.070000000000000000e+02
6.714000000000000000e+03
8.766000000000000000e+03
5.293000000000000000e+03
2.560000000000000000e+03
4.841000000000000000e+03
6.289000000000000000e+03
4.802000000000000000e+03
9.889000000000000000e+03
5.245000000000000000e+03
3.531000000000000000e+03
4.541000000000000000e+03
6.876000000000000000e+03
1.628000000000000000e+03
8.811000000000000000e+03
2.684000000000000000e+03
7.831000000000000000e+03
2.594000000000000000e+03
3.742000000000000000e+03
8.346000000000000000e+03
2.566000000000000000e+03
4.234000000000000000e+03
1.490000000000000000e+03
8.461000000000000000e+03
9.996000000000000000e+03
9.380000000000000000e+02
1.976000000000000000e+03
6.918000000000000000e+03
6.690000000000000000e+03
5.168000000000000000e+03
4.397000000000000000e+03
3.290000000000000000e+03
2.555000000000000000e+03
4.002000000000000000e+03
7.719000000000000000e+03
1.742000000000000000e+03
7.690000000000000000e+03
8.830000000000000000e+02
6.465000000000000000e+03
2.303000000000000000e+03
7.829000000000000000e+03
8.508000000000000000e+03
1.066000000000000000e+03
3.944000000000000000e+03
4.044000000000000000e+03
3.443000000000000000e+03
8.840000000000000000e+03
9.570000000000000000e+02
1.611000000000000000e+03
9.083000000000000000e+03
7.993000000000000000e+03
6.488000000000000000e+03
6.175000000000000000e+03
4.000000000000000000e+00
4.475000000000000000e+03
7.494000000000000000e+03
9.128000000000000000e+03
4.609000000000000000e+03
1.440000000000000000e+03
3.066000000000000000e+03
9.538000000000000000e+03
3.676000000000000000e+03
4.652000000000000000e+03
8.925000000000000000e+03
7.293000000000000000e+03
7.775000000000000000e+03
6.861000000000000000e+03
9.592000000000000000e+03
1.660000000000000000e+02
9.473000000000000000e+03
1.043000000000000000e+03
8.255000000000000000e+03
8.582000000000000000e+03
9.822000000000000000e+03
8.861000000000000000e+03
5.936000000000000000e+03
6.144000000000000000e+03
9.639000000000000000e+03
1.920000000000000000e+03
7.520000000000000000e+02
3.980000000000000000e+02
2.094000000000000000e+03
9.813000000000000000e+03
9.492000000000000000e+03
4.970000000000000000e+02
6.872000000000000000e+03
6.547000000000000000e+03
7.283000000000000000e+03
6.000000000000000000e+00
9.203000000000000000e+03
6.990000000000000000e+03
1.980000000000000000e+03
4.017000000000000000e+03
6.500000000000000000e+01
8.071000000000000000e+03
9.530000000000000000e+02
9.866000000000000000e+03
1.264000000000000000e+03
8.095000000000000000e+03
3.357000000000000000e+03
4.373000000000000000e+03
4.840000000000000000e+02
6.951000000000000000e+03
7.201000000000000000e+03
2.375000000000000000e+03
8.317000000000000000e+03
2.401000000000000000e+03
3.429000000000000000e+03
6.369000000000000000e+03
1.690000000000000000e+02
2.778000000000000000e+03
1.150000000000000000e+02
5.926000000000000000e+03
6.647000000000000000e+03
1.024000000000000000e+03
1.900000000000000000e+01
6.474000000000000000e+03
9.960000000000000000e+03
6.019000000000000000e+03
3.155000000000000000e+03
4.012000000000000000e+03
8.363000000000000000e+03
8.790000000000000000e+03
1.985000000000000000e+03
7.096000000000000000e+03
2.117000000000000000e+03
4.661000000000000000e+03
7.836000000000000000e+03
2.022000000000000000e+03
9.500000000000000000e+01
9.010000000000000000e+02
4.974000000000000000e+03
6.475000000000000000e+03
3.684000000000000000e+03
3.685000000000000000e+03
2.400000000000000000e+01
3.405000000000000000e+03
5.631000000000000000e+03
1.077000000000000000e+03
8.061000000000000000e+03
4.291000000000000000e+03
1.956000000000000000e+03
7.177000000000000000e+03
9.084000000000000000e+03
7.056000000000000000e+03
2.470000000000000000e+02
1.015000000000000000e+03
7.080000000000000000e+02
8.802000000000000000e+03
9.526000000000000000e+03
7.751000000000000000e+03
5.662000000000000000e+03
9.770000000000000000e+03
3.663000000000000000e+03
9.702000000000000000e+03
4.420000000000000000e+03
2.606000000000000000e+03
7.676000000000000000e+03
9.877000000000000000e+03
4.120000000000000000e+02
7.752000000000000000e+03
2.805000000000000000e+03
6.244000000000000000e+03
1.289000000000000000e+03
8.660000000000000000e+02
6.965000000000000000e+03
6.500000000000000000e+03
8.571000000000000000e+03
9.584000000000000000e+03
3.960000000000000000e+03
4.762000000000000000e+03
1.967000000000000000e+03
5.197000000000000000e+03
3.022000000000000000e+03
9.422000000000000000e+03
4.054000000000000000e+03
2.247000000000000000e+03
5.174000000000000000e+03
1.896000000000000000e+03
6.136000000000000000e+03
1.421000000000000000e+03
3.028000000000000000e+03
5.742000000000000000e+03
7.777000000000000000e+03
6.414000000000000000e+03
5.572000000000000000e+03
1.168000000000000000e+03
2.686000000000000000e+03
2.207000000000000000e+03
4.300000000000000000e+03
4.360000000000000000e+03
3.336000000000000000e+03
3.950000000000000000e+02
2.003000000000000000e+03
8.964000000000000000e+03
3.893000000000000000e+03
6.548000000000000000e+03
2.190000000000000000e+02
9.159000000000000000e+03
3.570000000000000000e+03
9.465000000000000000e+03
4.340000000000000000e+03
1.378000000000000000e+03
6.522000000000000000e+03
6.314000000000000000e+03
2.644000000000000000e+03
2.829000000000000000e+03
8.158000000000000000e+03
7.240000000000000000e+03
1.252000000000000000e+03
6.324000000000000000e+03
2.830000000000000000e+02
4.696000000000000000e+03
8.834000000000000000e+03
3.631000000000000000e+03
9.194000000000000000e+03
3.994000000000000000e+03
2.798000000000000000e+03
3.797000000000000000e+03
2.282000000000000000e+03
5.480000000000000000e+03
6.598000000000000000e+03
3.468000000000000000e+03
1.670000000000000000e+02
7.577000000000000000e+03
8.299000000000000000e+03
8.507000000000000000e+03
3.837000000000000000e+03
3.569000000000000000e+03
5.020000000000000000e+02
2.670000000000000000e+03
9.616000000000000000e+03
4.461000000000000000e+03
2.103000000000000000e+03
3.955000000000000000e+03
8.062000000000000000e+03
8.348000000000000000e+03
3.863000000000000000e+03
2.035000000000000000e+03
2.400000000000000000e+03
9.085000000000000000e+03
3.957000000000000000e+03
3.970000000000000000e+02
6.148000000000000000e+03
8.696000000000000000e+03
9.583000000000000000e+03
8.034000000000000000e+03
3.552000000000000000e+03
3.095000000000000000e+03
6.611000000000000000e+03
1.670000000000000000e+03
3.187000000000000000e+03
2.483000000000000000e+03
7.358000000000000000e+03
8.474000000000000000e+03
8.191000000000000000e+03
9.679000000000000000e+03
2.194000000000000000e+03
7.038000000000000000e+03
8.333000000000000000e+03
9.148000000000000000e+03
3.725000000000000000e+03
9.529000000000000000e+03
6.500000000000000000e+02
6.230000000000000000e+02
9.966000000000000000e+03
8.423000000000000000e+03
7.596000000000000000e+03
8.697000000000000000e+03
2.830000000000000000e+03
7.409000000000000000e+03
3.822000000000000000e+03
1.857000000000000000e+03
5.304000000000000000e+03
8.800000000000000000e+01
3.835000000000000000e+03
5.590000000000000000e+02
8.281000000000000000e+03
8.041000000000000000e+03
3.545000000000000000e+03
3.273000000000000000e+03
4.620000000000000000e+03
7.709000000000000000e+03
1.014000000000000000e+03
1.296000000000000000e+03
5.115000000000000000e+03
6.207000000000000000e+03
8.123000000000000000e+03
3.901000000000000000e+03
2.677000000000000000e+03
4.814000000000000000e+03
3.350000000000000000e+03
9.086000000000000000e+03
9.475000000000000000e+03
5.080000000000000000e+02
6.777000000000000000e+03
9.251000000000000000e+03
8.890000000000000000e+03
8.600000000000000000e+02
6.667000000000000000e+03
9.041000000000000000e+03
4.394000000000000000e+03
2.995000000000000000e+03
5.441000000000000000e+03
8.197000000000000000e+03
1.482000000000000000e+03
6.550000000000000000e+03
5.088000000000000000e+03
7.959000000000000000e+03
4.488000000000000000e+03
8.760000000000000000e+03
1.230000000000000000e+02
2.267000000000000000e+03
9.100000000000000000e+01
9.730000000000000000e+02
5.681000000000000000e+03
6.355000000000000000e+03
4.570000000000000000e+02
4.446000000000000000e+03
3.935000000000000000e+03
4.587000000000000000e+03
9.343000000000000000e+03
8.546000000000000000e+03
4.882000000000000000e+03
6.800000000000000000e+02
5.332000000000000000e+03
6.038000000000000000e+03
2.738000000000000000e+03
6.229000000000000000e+03
7.105000000000000000e+03
8.096000000000000000e+03
6.880000000000000000e+02
7.389000000000000000e+03
5.788000000000000000e+03
6.693000000000000000e+03
8.340000000000000000e+02
8.341000000000000000e+03
2.144000000000000000e+03
7.684000000000000000e+03
5.066000000000000000e+03
9.532000000000000000e+03
6.399000000000000000e+03
9.999000000000000000e+03
2.057000000000000000e+03
1.616000000000000000e+03
7.670000000000000000e+03
9.269000000000000000e+03
3.088000000000000000e+03
3.344000000000000000e+03
8.103000000000000000e+03
7.939000000000000000e+03
8.285000000000000000e+03
8.188000000000000000e+03
7.711000000000000000e+03
2.028000000000000000e+03
2.268000000000000000e+03
4.238000000000000000e+03
6.292000000000000000e+03
9.151000000000000000e+03
8.883000000000000000e+03
5.297000000000000000e+03
8.805000000000000000e+03
9.700000000000000000e+01
6.510000000000000000e+02
3.111000000000000000e+03
2.187000000000000000e+03
5.540000000000000000e+03
9.374000000000000000e+03
1.799000000000000000e+03
3.122000000000000000e+03
1.935000000000000000e+03
9.534000000000000000e+03
9.169000000000000000e+03
7.219000000000000000e+03
1.734000000000000000e+03
6.363000000000000000e+03
4.493000000000000000e+03
4.297000000000000000e+03
4.053000000000000000e+03
2.823000000000000000e+03
9.895000000000000000e+03
1.754000000000000000e+03
9.684000000000000000e+03
7.180000000000000000e+03
9.166000000000000000e+03
3.535000000000000000e+03
6.017000000000000000e+03
5.798000000000000000e+03
9.869000000000000000e+03
2.605000000000000000e+03
1.741000000000000000e+03
3.296000000000000000e+03
4.736000000000000000e+03
2.063000000000000000e+03
5.850000000000000000e+02
2.600000000000000000e+01
7.362000000000000000e+03
1.194000000000000000e+03
4.677000000000000000e+03
1.133000000000000000e+03
8.202000000000000000e+03
4.530000000000000000e+03
4.064000000000000000e+03
5.600000000000000000e+03
9.009000000000000000e+03
2.521000000000000000e+03
5.471000000000000000e+03
5.077000000000000000e+03
1.809000000000000000e+03
5.205000000000000000e+03
5.107000000000000000e+03
7.189000000000000000e+03
7.908000000000000000e+03
1.544000000000000000e+03
2.234000000000000000e+03
6.269000000000000000e+03
1.119000000000000000e+03
1.721000000000000000e+03
9.314000000000000000e+03
9.660000000000000000e+03
3.451000000000000000e+03
8.918000000000000000e+03
7.861000000000000000e+03
7.924000000000000000e+03
5.246000000000000000e+03
8.742000000000000000e+03
8.220000000000000000e+02
4.540000000000000000e+03
1.401000000000000000e+03
1.175000000000000000e+03
1.326000000000000000e+03
7.467000000000000000e+03
7.460000000000000000e+03
6.840000000000000000e+02
3.399000000000000000e+03
1.784000000000000000e+03
2.578000000000000000e+03
7.865000000000000000e+03
5.040000000000000000e+03
8.591000000000000000e+03
5.482000000000000000e+03
1.564000000000000000e+03
9.257000000000000000e+03
6.452000000000000000e+03
9.110000000000000000e+02
9.495000000000000000e+03
9.852000000000000000e+03
6.098000000000000000e+03
5.808000000000000000e+03
1.887000000000000000e+03
3.189000000000000000e+03
9.557000000000000000e+03
2.849000000000000000e+03
7.718000000000000000e+03
7.070000000000000000e+03
2.111000000000000000e+03
2.065000000000000000e+03
3.204000000000000000e+03
7.339000000000000000e+03
3.158000000000000000e+03
2.900000000000000000e+02
4.667000000000000000e+03
2.004000000000000000e+03
2.935000000000000000e+03
6.958000000000000000e+03
4.159000000000000000e+03
8.410000000000000000e+03
4.724000000000000000e+03
3.727000000000000000e+03
5.765000000000000000e+03
7.379000000000000000e+03
2.233000000000000000e+03
1.878000000000000000e+03
3.064000000000000000e+03
9.695000000000000000e+03
3.550000000000000000e+02
1.562000000000000000e+03
7.011000000000000000e+03
7.244000000000000000e+03
2.739000000000000000e+03
7.805000000000000000e+03
7.080000000000000000e+03
7.127000000000000000e+03
9.385000000000000000e+03
5.041000000000000000e+03
3.153000000000000000e+03
7.378000000000000000e+03
5.489000000000000000e+03
7.287000000000000000e+03
7.099000000000000000e+03
6.485000000000000000e+03
6.493000000000000000e+03
9.496000000000000000e+03
7.971000000000000000e+03
7.871000000000000000e+03
5.118000000000000000e+03
3.583000000000000000e+03
1.946000000000000000e+03
3.732000000000000000e+03
6.851000000000000000e+03
5.278000000000000000e+03
7.963000000000000000e+03
6.555000000000000000e+03
3.910000000000000000e+02
3.934000000000000000e+03
2.298000000000000000e+03
7.121000000000000000e+03
8.760000000000000000e+02
2.289000000000000000e+03
9.136000000000000000e+03
1.782000000000000000e+03
6.755000000000000000e+03
5.905000000000000000e+03
2.389000000000000000e+03
1.249000000000000000e+03
8.147000000000000000e+03
4.807000000000000000e+03
9.980000000000000000e+02
7.450000000000000000e+03
3.509000000000000000e+03
7.569000000000000000e+03
1.523000000000000000e+03
6.070000000000000000e+03
4.096000000000000000e+03
9.759000000000000000e+03
7.313000000000000000e+03
9.263000000000000000e+03
1.267000000000000000e+03
4.086000000000000000e+03
7.586000000000000000e+03
3.949000000000000000e+03
5.061000000000000000e+03
2.050000000000000000e+03
3.186000000000000000e+03
6.100000000000000000e+01
7.500000000000000000e+03
5.049000000000000000e+03
3.782000000000000000e+03
1.364000000000000000e+03
1.268000000000000000e+03
7.735000000000000000e+03
5.226000000000000000e+03
6.477000000000000000e+03
5.601000000000000000e+03
2.895000000000000000e+03
5.647000000000000000e+03
4.390000000000000000e+03
1.389000000000000000e+03
6.212000000000000000e+03
4.922000000000000000e+03
8.530000000000000000e+03
2.259000000000000000e+03
2.792000000000000000e+03
1.130000000000000000e+02
3.526000000000000000e+03
8.962000000000000000e+03
1.647000000000000000e+03
8.750000000000000000e+03
6.270000000000000000e+02
2.845000000000000000e+03
3.147000000000000000e+03
1.417000000000000000e+03
8.150000000000000000e+03
7.089000000000000000e+03
3.553000000000000000e+03
2.140000000000000000e+02
8.334000000000000000e+03
4.369000000000000000e+03
3.360000000000000000e+02
8.623000000000000000e+03
2.292000000000000000e+03
3.850000000000000000e+03
8.839000000000000000e+03
6.411000000000000000e+03
9.293000000000000000e+03
6.984000000000000000e+03
2.232000000000000000e+03
9.668000000000000000e+03
2.983000000000000000e+03
2.858000000000000000e+03
8.319000000000000000e+03
6.980000000000000000e+03
1.640000000000000000e+03
4.143000000000000000e+03
2.740000000000000000e+02
3.840000000000000000e+03
5.941000000000000000e+03
1.481000000000000000e+03
4.383000000000000000e+03
6.081000000000000000e+03
9.357000000000000000e+03
6.091000000000000000e+03
6.710000000000000000e+02
2.406000000000000000e+03
2.603000000000000000e+03
2.054000000000000000e+03
1.655000000000000000e+03
8.330000000000000000e+02
8.782000000000000000e+03
1.081000000000000000e+03
5.707000000000000000e+03
3.857000000000000000e+03
1.380000000000000000e+03
8.897000000000000000e+03
5.977000000000000000e+03
9.362000000000000000e+03
1.979000000000000000e+03
9.170000000000000000e+03
1.627000000000000000e+03
5.753000000000000000e+03
4.220000000000000000e+02
6.571000000000000000e+03
7.496000000000000000e+03
1.000000000000000000e+03
8.076000000000000000e+03
3.394000000000000000e+03
5.182000000000000000e+03
6.772000000000000000e+03
7.616000000000000000e+03
1.697000000000000000e+03
8.006000000000000000e+03
4.644000000000000000e+03
6.443000000000000000e+03
9.094000000000000000e+03
3.385000000000000000e+03
5.750000000000000000e+02
5.135000000000000000e+03
6.747000000000000000e+03
9.299000000000000000e+03
8.751000000000000000e+03
5.897000000000000000e+03
5.754000000000000000e+03
5.164000000000000000e+03
6.200000000000000000e+03
1.554000000000000000e+03
7.624000000000000000e+03
3.861000000000000000e+03
2.964000000000000000e+03
3.693000000000000000e+03
3.387000000000000000e+03
2.720000000000000000e+03
9.733000000000000000e+03
5.404000000000000000e+03
4.489000000000000000e+03
7.254000000000000000e+03
6.112000000000000000e+03
9.466000000000000000e+03
4.410000000000000000e+03
2.147000000000000000e+03
9.467000000000000000e+03
4.316000000000000000e+03
